min_count	voc_size	sg	negative	sample	hs	iter	window	sentence_length	class_num	batch_size	epochs_d	lstm_unit	optimizer	layer	drop_out	learning_rate	gru_unit	dense_unit	pool_size	kernel_size	accuracy	precision	recall	f1	fpr	tpr	thresholds	auc_score	
0	100	0	5	0.001	0	5	5	200	2	32	50	32	Adam	2	0.5	0.0003	64	32	5	5	0.8272193690388848	0.8478939157566303	0.797505502567865	0.8219281663516069	[0.         0.19113573 1.        ]	[0.         0.84789392 1.        ]	[2 1 0]	0.8283790908423041	
0	100	0	5	0.001	0	5	5	200	2	32	50	32	Adam	2	0.5	0.0003	128	32	5	5	0.8242846661775495	0.8221574344023324	0.8275862068965517	0.8248628884826325	[0.         0.17355982 1.        ]	[0.         0.82215743 1.        ]	[2 1 0]	0.8242988058274586	
0	100	0	5	0.001	0	5	5	200	2	32	50	32	Adam	2	0.5	0.001	64	32	5	5	0.8250183418928834	0.8444790046656299	0.7967718268525312	0.8199320498301246	[0.         0.19236111 1.        ]	[0.       0.844479 1.      ]	[2 1 0]	0.8260589467772594	
0	100	0	5	0.001	0	5	5	200	2	32	50	32	Adam	2	0.5	0.001	128	32	5	5	0.8242846661775495	0.8157142857142857	0.8378576669112252	0.8266377126311981	[0.         0.16666667 1.        ]	[0.         0.81571429 1.        ]	[2 1 0]	0.8245238095238097	
0	100	0	5	0.001	0	5	5	200	2	32	50	32	Adam	2	0.5	0.002	64	32	5	5	0.8246515040352165	0.8411719352351581	0.8004402054292002	0.8203007518796993	[0.        0.1903429 1.       ]	[0.         0.84117194 1.        ]	[2 1 0]	0.8254145190521487	
0	100	0	5	0.001	0	5	5	200	2	32	50	32	Adam	2	0.5	0.002	128	32	5	5	0.8154805575935437	0.7866666666666666	0.8657373440939105	0.8243101641634649	[0.         0.14926591 1.        ]	[0.         0.78666667 1.        ]	[2 1 0]	0.8187003806416531	
0	100	0	5	0.001	0	5	5	200	2	32	50	32	Adam	3	0.5	0.0003	64	32	5	5	0.8253851797505503	0.8312173263629574	0.8165810711665444	0.8238341968911918	[0.         0.18024513 1.        ]	[0.         0.83121733 1.        ]	[2 1 0]	0.8254860964907793	
0	100	0	5	0.001	0	5	5	200	2	32	50	32	Adam	3	0.5	0.0003	128	32	5	5	0.8242846661775495	0.836890243902439	0.805575935436537	0.8209345794392523	[0.        0.1874116 1.       ]	[0.         0.83689024 1.        ]	[2 1 0]	0.8247393227998758	
0	100	0	5	0.001	0	5	5	200	2	32	50	32	Adam	3	0.5	0.001	64	32	5	5	0.8235509904622157	0.8371559633027523	0.8033749082905356	0.8199176338450019	[0.         0.18899859 1.        ]	[0.         0.83715596 1.        ]	[2 1 0]	0.824078686869994	
0	100	0	5	0.001	0	5	5	200	2	32	50	32	Adam	3	0.5	0.001	128	32	5	5	0.8253851797505503	0.8249084249084249	0.826118855465884	0.8255131964809385	[0.         0.17413666 1.        ]	[0.         0.82490842 1.        ]	[2 1 0]	0.825385880345469	
0	100	0	5	0.001	0	5	5	200	2	32	50	32	Adam	3	0.5	0.002	64	32	5	5	0.8250183418928834	0.8281481481481482	0.8202494497432135	0.8241798746774789	[0.         0.17805233 1.        ]	[0.         0.82814815 1.        ]	[2 1 0]	0.8250479112833764	
0	100	0	5	0.001	0	5	5	200	2	32	50	32	Adam	3	0.5	0.002	128	32	5	5	0.826118855465884	0.8502758077226162	0.7916360968451944	0.8199088145896656	[0.         0.19492107 1.        ]	[0.         0.85027581 1.        ]	[2 1 0]	0.8276773685147055	
0	100	0	5	0.001	0	5	5	200	2	128	50	32	Adam	2	0.5	0.0003	64	32	5	5	0.8257520176082171	0.8333333333333334	0.8143800440205429	0.8237476808905381	[0.         0.18149211 1.        ]	[0.         0.83333333 1.        ]	[2 1 0]	0.825920612147298	
0	100	0	5	0.001	0	5	5	200	2	128	50	32	Adam	2	0.5	0.0003	128	32	5	5	0.8231841526045488	0.8175919250180245	0.8319882611885546	0.8247272727272726	[0.         0.17102315 1.        ]	[0.         0.81759193 1.        ]	[2 1 0]	0.8232843867061742	
0	100	0	5	0.001	0	5	5	200	2	128	50	32	Adam	2	0.5	0.001	64	32	5	5	0.8253851797505503	0.8332081141998497	0.8136463683052091	0.8233110616184113	[0.         0.18207885 1.        ]	[0.         0.83320811 1.        ]	[2 1 0]	0.8255646305766273	
0	100	0	5	0.001	0	5	5	200	2	128	50	32	Adam	2	0.5	0.001	128	32	5	5	0.8253851797505503	0.8287620459599704	0.8202494497432135	0.8244837758112094	[0.         0.17792302 1.        ]	[0.         0.82876205 1.        ]	[2 1 0]	0.8254195124498471	
0	100	0	5	0.001	0	5	5	200	2	128	50	32	Adam	2	0.5	0.002	64	32	5	5	0.8235509904622157	0.8195652173913044	0.8297872340425532	0.8246445497630331	[0.         0.17236256 1.        ]	[0.         0.81956522 1.        ]	[2 1 0]	0.8236013308353253	
0	100	0	5	0.001	0	5	5	200	2	128	50	32	Adam	2	0.5	0.002	128	32	5	5	0.8250183418928834	0.8173352435530086	0.8371239911958914	0.8271112722000724	[0.         0.16691729 1.        ]	[0.         0.81733524 1.        ]	[2 1 0]	0.8252089751599629	
0	100	0	5	0.001	0	5	5	200	2	128	50	32	Adam	3	0.5	0.0003	64	32	5	5	0.8257520176082171	0.8293768545994066	0.8202494497432135	0.8247879011434894	[0.        0.1777939 1.       ]	[0.         0.82937685 1.        ]	[2 1 0]	0.8257914751952041	
0	100	0	5	0.001	0	5	5	200	2	128	50	32	Adam	3	0.5	0.0003	128	32	5	5	0.8239178283198826	0.8220277169948942	0.8268525311812179	0.8244330651060716	[0.         0.17416974 1.        ]	[0.         0.82202772 1.        ]	[2 1 0]	0.8239289876487386	
0	100	0	5	0.001	0	5	5	200	2	128	50	32	Adam	3	0.5	0.001	64	32	5	5	0.8231841526045488	0.8222384784198976	0.8246515040352165	0.8234432234432236	[0.         0.17586461 1.        ]	[0.         0.82223848 1.        ]	[2 1 0]	0.8231869360458576	
0	100	0	5	0.001	0	5	5	200	2	128	50	32	Adam	3	0.5	0.001	128	32	5	5	0.826118855465884	0.839572192513369	0.8063096111518708	0.8226047904191617	[0.        0.1863091 1.       ]	[0.         0.83957219 1.        ]	[2 1 0]	0.8266315443865363	
0	100	0	5	0.001	0	5	5	200	2	128	50	32	Adam	3	0.5	0.002	64	32	5	5	0.8283198826118855	0.8543151227236738	0.7916360968451944	0.8217821782178218	[0.         0.19412167 1.        ]	[0.         0.85431512 1.        ]	[2 1 0]	0.8300967274588977	
0	100	0	5	0.001	0	5	5	200	2	128	50	32	Adam	3	0.5	0.002	128	32	5	5	0.8272193690388848	0.8550955414012739	0.7879677182685253	0.8201603665521191	[0.         0.19659864 1.        ]	[0.         0.85509554 1.        ]	[2 1 0]	0.8292484509727457	
