min_count	voc_size	sg	negative	sample	hs	iter	window	sentence_length	class_num	batch_size	epochs_d	lstm_unit	optimizer	layer	drop_out	learning_rate	gru_unit	dense_unit	pool_size	kernel_size	accuracy	precision	recall	f1	fpr	tpr	thresholds	auc_score	
0	100	0	5	0.001	0	5	5	200	2	32	50	128	Adam	2	0.5	0.0003	128	32	5	5	0.5187087307410124	0.5109677419354839	0.871606749816581	0.6442516268980478	[0.         0.43640898 1.        ]	[0.         0.51096774 1.        ]	[2 1 0]	0.5372793821896871	
0	100	0	5	0.001	0	5	5	200	2	32	50	128	Adam	2	0.5	0.0003	128	32	5	10	0.5601614086573734	0.7992700729927007	0.16067498165810712	0.26756261453879043	[0.         0.46655791 1.        ]	[0.         0.79927007 1.        ]	[2 1 0]	0.6663560805420273	
0	100	0	5	0.001	0	5	5	200	2	32	50	128	Adam	2	0.5	0.0003	128	32	5	20	0.5011005135730008	0.5005549389567148	0.9926632428466617	0.6655189375307428	[0.         0.43478261 1.        ]	[0.         0.50055494 1.        ]	[2 1 0]	0.5328861651305313	
0	100	0	5	0.001	0	5	5	200	2	32	50	128	Adam	2	0.5	0.0003	128	32	10	5	0.5590608950843727	0.7804878048780488	0.16434336023477622	0.2715151515151515	[0.         0.46699467 1.        ]	[0.        0.7804878 1.       ]	[2 1 0]	0.6567465674656747	
0	100	0	5	0.001	0	5	5	200	2	32	50	128	Adam	2	0.5	0.0003	128	32	10	10	0.5388848129126926	0.5353805073431241	0.5884079236977257	0.5606431317721076	[0.         0.45684039 1.        ]	[0.         0.53538051 1.        ]	[2 1 0]	0.5392700582318226	
0	100	0	5	0.001	0	5	5	200	2	32	50	128	Adam	2	0.5	0.0003	128	32	10	20	0.4996331621423331	0.499815157116451	0.991929567131328	0.6647000983284169	[0.         0.52380952 1.        ]	[0.         0.49981516 1.        ]	[2 1 0]	0.4880028166534636	
0	100	0	5	0.001	0	5	5	200	2	32	50	128	Adam	2	0.5	0.0003	128	32	20	5	0.5084372707263389	0.5043216835776024	0.9845928099779897	0.6669980119284294	[0.         0.32307692 1.        ]	[0.         0.50432168 1.        ]	[2 1 0]	0.5906223802503398	
0	100	0	5	0.001	0	5	5	200	2	32	50	128	Adam	2	0.5	0.0003	128	32	20	10	0.5293470286133529	0.5203873598369011	0.7490829053558328	0.6141353383458646	[0.         0.44764398 1.        ]	[0.         0.52038736 1.        ]	[2 1 0]	0.5363716903896547	
0	100	0	5	0.001	0	5	5	200	2	32	50	128	Adam	2	0.5	0.0003	128	32	20	20	0.5117388114453412	0.5061871616395979	0.9603815113719736	0.6629526462395544	[0.         0.38571429 1.        ]	[0.         0.50618716 1.        ]	[2 1 0]	0.5602364379626561	
0	100	0	5	0.001	0	5	5	200	2	32	50	128	Adam	2	0.5	0.0003	128	64	5	5	0.5531914893617021	0.7244582043343654	0.17168011738811445	0.2775800711743772	[0.         0.46982938 1.        ]	[0.        0.7244582 1.       ]	[2 1 0]	0.627314412196313	
0	100	0	5	0.001	0	5	5	200	2	32	50	128	Adam	2	0.5	0.0003	128	64	5	10	0.5077035950110051	0.5039518253669553	0.9823917828319882	0.6661691542288558	[0.         0.34782609 1.        ]	[0.         0.50395183 1.        ]	[2 1 0]	0.5780628692052168	
0	100	0	5	0.001	0	5	5	200	2	32	50	128	Adam	2	0.5	0.0003	128	64	5	20	0.5242112986060161	0.514524647887324	0.8576669112252384	0.6431911966987621	[0.         0.42731278 1.        ]	[0.         0.51452465 1.        ]	[2 1 0]	0.5436059362784638	
0	100	0	5	0.001	0	5	5	200	2	32	50	128	Adam	2	0.5	0.0003	128	64	10	5	0.5517241379310345	0.6082949308755761	0.2905355832721937	0.39324726911618674	[0.        0.4660241 1.       ]	[0.         0.60829493 1.        ]	[2 1 0]	0.5711354172450169	
0	100	0	5	0.001	0	5	5	200	2	32	50	128	Adam	2	0.5	0.0003	128	64	10	10	0.5605282465150404	0.8235294117647058	0.15407190022010273	0.2595797280593325	[0.         0.46661271 1.        ]	[0.         0.82352941 1.        ]	[2 1 0]	0.6784583521793986	
0	100	0	5	0.001	0	5	5	200	2	32	50	128	Adam	2	0.5	0.0003	128	64	10	20	0.5605282465150404	0.8	0.16140865737344093	0.2686202686202686	[0.         0.46634027 1.        ]	[0.  0.8 1. ]	[2 1 0]	0.6668298653610771	
0	100	0	5	0.001	0	5	5	200	2	32	50	128	Adam	2	0.5	0.0003	128	64	20	5	0.5528246515040353	0.6925133689839572	0.19002201027146	0.2982153137593552	[0.         0.46938776 1.        ]	[0.         0.69251337 1.        ]	[2 1 0]	0.6115628069409581	
0	100	0	5	0.001	0	5	5	200	2	32	50	128	Adam	2	0.5	0.0003	128	64	20	10	0.549523110785033	0.5771428571428572	0.3705062362435803	0.45129579982126905	[0.         0.46353323 1.        ]	[0.         0.57714286 1.        ]	[2 1 0]	0.5568048159296134	
0	100	0	5	0.001	0	5	5	200	2	32	50	32	Adam	2	0.5	0.0003	64	32	5	5	0.5528246515040353	0.5986301369863014	0.3206162876008804	0.41758241758241754	[0.         0.46392786 1.        ]	[0.         0.59863014 1.        ]	[2 1 0]	0.5673511406374393	
0	100	0	5	0.001	0	5	5	200	2	32	50	32	Adam	2	0.5	0.0003	64	32	5	5	0.5	0.5	1.0	0.6666666666666666	[nan nan nan]	[0.  0.5 1. ]	[2 1 0]	nan	
0	100	0	5	0.001	0	5	5	200	2	32	50	32	Adam	2	0.5	0.0003	64	32	5	10	0.5	0.5	1.0	0.6666666666666666	[nan nan nan]	[0.  0.5 1. ]	[2 1 0]	nan	
0	100	0	5	0.001	0	5	5	200	2	32	50	32	Adam	2	0.5	0.0003	64	32	5	5	0.8283198826118855	0.8403041825095057	0.8107116654438739	0.8252427184466019	[0.         0.18284904 1.        ]	[0.         0.84030418 1.        ]	[2 1 0]	0.8287275696388775	
0	100	0	5	0.001	0	5	5	200	2	32	50	32	Adam	2	0.5	0.0003	64	32	5	10	0.8286867204695525	0.9095063985374772	0.7300073367571533	0.8099308099308099	[0.        0.2254902 1.       ]	[0.        0.9095064 1.       ]	[2 1 0]	0.842008101229523	
0	100	0	5	0.001	0	5	5	200	2	32	50	32	Adam	2	0.5	0.0003	64	32	5	20	0.8283198826118855	0.9101741521539871	0.7285399853264857	0.8092909535452322	[0.         0.22629969 1.        ]	[0.         0.91017415 1.        ]	[2 1 0]	0.8419372289821924	
0	100	0	5	0.001	0	5	5	200	2	32	50	32	Adam	2	0.5	0.0003	64	32	10	5	0.8286867204695525	0.8510971786833855	0.7967718268525312	0.8230390299355816	[0.         0.19103448 1.        ]	[0.         0.85109718 1.        ]	[2 1 0]	0.8300313479623825	
0	100	0	5	0.001	0	5	5	200	2	32	50	32	Adam	2	0.5	0.0003	64	32	10	10	0.8283198826118855	0.9079307201458523	0.7307410124724871	0.8097560975609757	[0.         0.22529159 1.        ]	[0.         0.90793072 1.        ]	[2 1 0]	0.8413195651066891	
0	100	0	5	0.001	0	5	5	200	2	32	50	32	Adam	2	0.5	0.0003	64	32	10	20	0.8158473954512105	0.8055358410220014	0.8327219369038885	0.8189033189033189	[0.         0.17312073 1.        ]	[0.         0.80553584 1.        ]	[2 1 0]	0.8162075560463081	
0	100	0	5	0.001	0	5	5	200	2	32	50	32	Adam	2	0.5	0.0003	64	32	20	5	0.8279530447542186	0.8449074074074074	0.8033749082905356	0.8236179014667169	[0.         0.18741259 1.        ]	[0.         0.84490741 1.        ]	[2 1 0]	0.82874740999741	
0	100	0	5	0.001	0	5	5	200	2	32	50	32	Adam	2	0.5	0.0003	64	32	20	10	0.8136463683052091	0.7970813064628214	0.8415260454878943	0.8187009279086367	[0.         0.16783217 1.        ]	[0.         0.79708131 1.        ]	[2 1 0]	0.8146245693153268	
0	100	0	5	0.001	0	5	5	200	2	32	50	32	Adam	2	0.5	0.0003	64	32	20	20	0.8063096111518708	0.7723418134377038	0.8686720469552458	0.8176795580110497	[0.         0.15004191 1.        ]	[0.         0.77234181 1.        ]	[2 1 0]	0.8111499511446691	
0	100	0	5	0.001	0	5	5	200	2	32	50	32	Adam	2	0.5	0.001	64	32	5	5	0.826118855465884	0.9096774193548387	0.7241379310344828	0.8063725490196079	[0.         0.22912858 1.        ]	[0.         0.90967742 1.        ]	[2 1 0]	0.8402744196103871	
0	100	0	5	0.001	0	5	5	200	2	32	50	32	Adam	2	0.5	0.001	64	32	5	10	0.8268525311812179	0.9105990783410138	0.7248716067498165	0.8071895424836601	[0.        0.2285192 1.       ]	[0.         0.91059908 1.        ]	[2 1 0]	0.8410399413642912	
0	100	0	5	0.001	0	5	5	200	2	32	50	32	Adam	2	0.5	0.001	64	32	5	20	0.80997798972854	0.7860528097494922	0.8517975055025678	0.8176056338028168	[0.         0.16172938 1.        ]	[0.         0.78605281 1.        ]	[2 1 0]	0.8121617131213433	
0	100	0	5	0.001	0	5	5	200	2	32	50	32	Adam	2	0.5	0.001	64	32	10	5	0.826118855465884	0.8581788879935536	0.7813646368305209	0.8179723502304147	[0.        0.2006734 1.       ]	[0.         0.85817889 1.        ]	[2 1 0]	0.8287527436600765	
0	100	0	5	0.001	0	5	5	200	2	32	50	32	Adam	2	0.5	0.001	64	32	10	10	0.8275862068965517	0.8431975403535742	0.8048422597212033	0.8235735735735736	[0.         0.18666667 1.        ]	[0.         0.84319754 1.        ]	[2 1 0]	0.8282654368434539	
0	100	0	5	0.001	0	5	5	200	2	32	50	32	Adam	2	0.5	0.001	64	32	10	20	0.8158473954512105	0.9266600594648167	0.685986793837124	0.7883642495784149	[0.         0.24927199 1.        ]	[0.         0.92666006 1.        ]	[2 1 0]	0.8386940367213425	
0	100	0	5	0.001	0	5	5	200	2	32	50	32	Adam	2	0.5	0.001	64	32	20	5	0.7868672046955246	0.7381242387332522	0.8892149669845928	0.8066555740432613	[0.         0.13929889 1.        ]	[0.         0.73812424 1.        ]	[2 1 0]	0.7994126728721612	
0	100	0	5	0.001	0	5	5	200	2	32	50	32	Adam	2	0.5	0.001	64	32	20	10	0.8283198826118855	0.8984861976847729	0.7402787967718268	0.8117457763475462	[0.         0.22083593 1.        ]	[0.        0.8984862 1.       ]	[2 1 0]	0.8388251325292237	
0	100	0	5	0.001	0	5	5	200	2	32	50	32	Adam	2	0.5	0.001	64	32	20	20	0.826485693323551	0.8565705128205128	0.7842993396918562	0.8188433550363845	[0.         0.19891746 1.        ]	[0.         0.85657051 1.        ]	[2 1 0]	0.8288265283994309	
0	100	0	5	0.001	0	5	5	200	2	32	50	32	Adam	2	0.5	0.002	64	32	5	5	0.8151137197358768	0.8005598320503848	0.8393250183418929	0.819484240687679	[0.        0.1688512 1.       ]	[0.         0.80055983 1.        ]	[2 1 0]	0.8158543184924245	
0	100	0	5	0.001	0	5	5	200	2	32	50	32	Adam	2	0.5	0.002	64	32	5	10	0.8272193690388848	0.912962962962963	0.723404255319149	0.8072042570609906	[0.        0.2290401 1.       ]	[0.         0.91296296 1.        ]	[2 1 0]	0.8419614328788083	
0	100	0	5	0.001	0	5	5	200	2	32	50	32	Adam	2	0.5	0.002	64	32	5	20	0.7978723404255319	0.7566371681415929	0.8782098312545855	0.8129032258064516	[0.        0.1451049 1.       ]	[0.         0.75663717 1.        ]	[2 1 0]	0.8057661365183489	
0	100	0	5	0.001	0	5	5	200	2	32	50	32	Adam	2	0.5	0.002	64	32	10	5	0.8319882611885546	0.8904227782571182	0.7571533382245048	0.8183980967486123	[0.         0.21123165 1.        ]	[0.         0.89042278 1.        ]	[2 1 0]	0.8395955627086485	
0	100	0	5	0.001	0	5	5	200	2	32	50	32	Adam	2	0.5	0.002	64	32	10	10	0.805575935436537	0.7692307692307693	0.8730741012472487	0.8178694158075602	[0.         0.14673452 1.        ]	[0.         0.76923077 1.        ]	[2 1 0]	0.8112481242252234	
0	100	0	5	0.001	0	5	5	200	2	32	50	32	Adam	2	0.5	0.002	64	32	10	20	0.8294203961848863	0.9096715328467153	0.731474688187821	0.8108987393249287	[0.         0.22453988 1.        ]	[0.         0.90967153 1.        ]	[2 1 0]	0.8425658277730509	
0	100	0	5	0.001	0	5	5	200	2	32	50	32	Adam	2	0.5	0.002	64	32	20	5	0.8272193690388848	0.8473520249221184	0.7982391782831988	0.8220627125047224	[0.         0.19070735 1.        ]	[0.         0.84735202 1.        ]	[2 1 0]	0.8283223370102963	
0	100	0	5	0.001	0	5	5	200	2	32	50	32	Adam	2	0.5	0.002	64	32	20	10	0.8176815847395451	0.9261811023622047	0.6903888481291269	0.7910886927280371	[0.         0.24678363 1.        ]	[0.        0.9261811 1.       ]	[2 1 0]	0.8396987383156053	
0	100	0	5	0.001	0	5	5	200	2	32	50	32	Adam	2	0.5	0.002	64	32	20	20	0.8154805575935437	0.8058321479374111	0.8312545854732208	0.8183459732755508	[0.         0.17424242 1.        ]	[0.         0.80583215 1.        ]	[2 1 0]	0.8157948618474934	
0	100	0	5	0.001	0	5	5	200	2	32	50	32	Adam	3	0.5	0.0003	64	32	5	5	0.8173147468818782	0.8073916133617626	0.8334556126192223	0.8202166064981948	[0.         0.17210008 1.        ]	[0.         0.80739161 1.        ]	[2 1 0]	0.8176457687733756	
0	100	0	5	0.001	0	5	5	200	2	32	50	32	Adam	3	0.5	0.0003	64	32	5	10	0.8305209097578871	0.8941382327209099	0.7498165810711666	0.8156424581005587	[0.         0.21541377 1.        ]	[0.         0.89413823 1.        ]	[2 1 0]	0.8393622307003159	
0	100	0	5	0.001	0	5	5	200	2	32	50	32	Adam	3	0.5	0.0003	64	32	5	20	0.8165810711665444	0.806680881307747	0.8327219369038885	0.8194945848375452	[0.         0.17285823 1.        ]	[0.         0.80668088 1.        ]	[2 1 0]	0.8169113276895065	
0	100	0	5	0.001	0	5	5	200	2	32	50	32	Adam	3	0.5	0.0003	64	32	10	5	0.7993396918561996	0.7585551330798479	0.8782098312545855	0.8140088405304318	[0.        0.1445993 1.       ]	[0.         0.75855513 1.        ]	[2 1 0]	0.8069779149719796	
0	100	0	5	0.001	0	5	5	200	2	32	50	32	Adam	3	0.5	0.0003	64	32	10	10	0.8272193690388848	0.9106813996316758	0.7256052824651504	0.8076766026949775	[0.         0.22804878 1.        ]	[0.        0.9106814 1.       ]	[2 1 0]	0.8413163095719355	
0	100	0	5	0.001	0	5	5	200	2	32	50	32	Adam	3	0.5	0.0003	64	32	10	20	0.8147468818782099	0.8	0.8393250183418929	0.8191908342284283	[0.         0.16898148 1.        ]	[0.  0.8 1. ]	[2 1 0]	0.8155092592592592	
0	100	0	5	0.001	0	5	5	200	2	32	50	32	Adam	3	0.5	0.0003	64	32	20	5	0.8268525311812179	0.8456167571761055	0.7997065297138665	0.822021116138763	[0.         0.18997912 1.        ]	[0.         0.84561676 1.        ]	[2 1 0]	0.8278188170014139	
0	100	0	5	0.001	0	5	5	200	2	32	50	32	Adam	3	0.5	0.0003	64	32	20	10	0.814013206162876	0.7997198879551821	0.8378576669112252	0.8183446793264063	[0.         0.17026194 1.        ]	[0.         0.79971989 1.        ]	[2 1 0]	0.8147289732534	
0	100	0	5	0.001	0	5	5	200	2	32	50	32	Adam	3	0.5	0.0003	64	32	20	20	0.8250183418928834	0.827178729689808	0.8217168011738811	0.8244387191755613	[0.        0.1771137 1.       ]	[0.         0.82717873 1.        ]	[2 1 0]	0.8250325135329507	
0	100	0	5	0.001	0	5	5	200	2	32	50	32	Adam	3	0.5	0.001	64	32	5	5	0.7762289068231841	0.7187681580476467	0.9075568598679383	0.8022049286640727	[0.         0.12537313 1.        ]	[0.         0.71876816 1.        ]	[2 1 0]	0.7966975118596444	
0	100	0	5	0.001	0	5	5	200	2	32	50	32	Adam	3	0.5	0.001	64	32	5	10	0.8202494497432135	0.9258536585365854	0.6962582538517975	0.7948073701842546	[0.         0.24338624 1.        ]	[0.         0.92585366 1.        ]	[2 1 0]	0.841233707575171	
0	100	0	5	0.001	0	5	5	200	2	32	50	32	Adam	3	0.5	0.001	64	32	5	20	0.826118855465884	0.8694929343308395	0.7674247982391783	0.8152766952455183	[0.         0.20814183 1.        ]	[0.         0.86949293 1.        ]	[2 1 0]	0.8306755544930626	
0	100	0	5	0.001	0	5	5	200	2	32	50	32	Adam	3	0.5	0.001	64	32	10	5	0.8297872340425532	0.8825531914893617	0.7608217168011738	0.8171788810086683	[0.         0.21018698 1.        ]	[0.         0.88255319 1.        ]	[2 1 0]	0.8361831076724694	
0	100	0	5	0.001	0	5	5	200	2	32	50	32	Adam	3	0.5	0.001	64	32	10	10	0.8147468818782099	0.8025387870239774	0.83492296404989	0.8184106436533621	[0.         0.17201835 1.        ]	[0.         0.80253879 1.        ]	[2 1 0]	0.8152602192000621	
0	100	0	5	0.001	0	5	5	200	2	32	50	32	Adam	3	0.5	0.001	64	32	10	20	0.826485693323551	0.8350903614457831	0.8136463683052091	0.824228911185433	[0.         0.18168813 1.        ]	[0.         0.83509036 1.        ]	[2 1 0]	0.8267011177758243	
0	100	0	5	0.001	0	5	5	200	2	32	50	32	Adam	3	0.5	0.001	64	32	20	5	0.8279530447542186	0.8558917197452229	0.7887013939838592	0.8209240168003055	[0.         0.19591837 1.        ]	[0.         0.85589172 1.        ]	[2 1 0]	0.829986676199142	
0	100	0	5	0.001	0	5	5	200	2	32	50	32	Adam	3	0.5	0.001	64	32	20	10	0.826485693323551	0.8745791245791246	0.7622890682318415	0.8145825166601333	[0.        0.2106632 1.       ]	[0.         0.87457912 1.        ]	[2 1 0]	0.8319579628097185	
0	100	0	5	0.001	0	5	5	200	2	32	50	32	Adam	3	0.5	0.001	64	32	20	20	0.8283198826118855	0.9116835326586936	0.727072633895818	0.8089795918367347	[0.         0.22696766 1.        ]	[0.         0.91168353 1.        ]	[2 1 0]	0.8423579347247099	
0	100	0	5	0.001	0	5	5	200	2	32	50	32	Adam	3	0.5	0.002	64	32	5	5	0.7839325018341893	0.9468822170900693	0.6016140865737344	0.7357559443696725	[0.         0.29193548 1.        ]	[0.         0.94688222 1.        ]	[2 1 0]	0.8274733666095507	
0	100	0	5	0.001	0	5	5	200	2	32	50	32	Adam	3	0.5	0.002	64	32	5	10	0.7175348495964784	0.6492199295420231	0.946441672780631	0.7701492537313432	[0.         0.09878214 1.        ]	[0.         0.64921993 1.        ]	[2 1 0]	0.775218895758833	
0	100	0	5	0.001	0	5	5	200	2	32	50	32	Adam	3	0.5	0.002	64	32	5	20	0.5132061628760088	0.5066914498141264	1.0	0.6725882062669627	[0. 0. 1.]	[0.         0.50669145 1.        ]	[2 1 0]	0.7533457249070632	
0	100	0	5	0.001	0	5	5	200	2	32	50	32	Adam	3	0.5	0.002	64	32	10	5	0.8283198826118855	0.9013452914798207	0.7373440939104916	0.8111380145278451	[0.         0.22222222 1.        ]	[0.         0.90134529 1.        ]	[2 1 0]	0.8395615346287993	
0	100	0	5	0.001	0	5	5	200	2	32	50	32	Adam	3	0.5	0.002	64	32	10	10	0.8041085840058694	0.7686325340246274	0.8701393983859135	0.816242257398486	[0.         0.14961961 1.        ]	[0.         0.76863253 1.        ]	[2 1 0]	0.8095064614332773	
0	100	0	5	0.001	0	5	5	200	2	32	50	32	Adam	3	0.5	0.002	64	32	10	20	0.8250183418928834	0.8625204582651391	0.7732942039618489	0.8154738878143134	[0.         0.20545213 1.        ]	[0.         0.86252046 1.        ]	[2 1 0]	0.8285341653027823	
0	100	0	5	0.001	0	5	5	200	2	32	50	32	Adam	3	0.5	0.002	64	32	20	5	0.8118121790168745	0.7899045020463847	0.8495964783565664	0.8186638388123011	[0.         0.16269841 1.        ]	[0.        0.7899045 1.       ]	[2 1 0]	0.8136030446739861	
0	100	0	5	0.001	0	5	5	200	2	32	50	32	Adam	3	0.5	0.002	64	32	20	10	0.8253851797505503	0.831712789827973	0.8158473954512105	0.8237037037037038	[0.         0.18070554 1.        ]	[0.         0.83171279 1.        ]	[2 1 0]	0.8255036231357288	
0	100	0	5	0.001	0	5	5	200	2	32	50	32	Adam	3	0.5	0.002	64	32	20	20	0.8279530447542186	0.9085923217550275	0.7292736610418196	0.809116809116809	[0.         0.22610294 1.        ]	[0.         0.90859232 1.        ]	[2 1 0]	0.8412446902892785	
0	100	0	5	0.001	0	5	5	200	2	128	50	32	Adam	2	0.5	0.0003	64	32	5	5	0.8085106382978723	0.7764628533859304	0.8664710198092443	0.8190013869625522	[0.         0.15103734 1.        ]	[0.         0.77646285 1.        ]	[2 1 0]	0.8127127544937951	
0	100	0	5	0.001	0	5	5	200	2	128	50	32	Adam	2	0.5	0.0003	64	32	5	10	0.8074101247248716	0.7785904255319149	0.8591342626559061	0.8168817579351239	[0.         0.15711948 1.        ]	[0.         0.77859043 1.        ]	[2 1 0]	0.8107354746317512	
0	100	0	5	0.001	0	5	5	200	2	128	50	32	Adam	2	0.5	0.0003	64	32	5	20	0.8316214233308877	0.8937282229965157	0.7527512839325018	0.8172043010752689	[0.         0.21356147 1.        ]	[0.         0.89372822 1.        ]	[2 1 0]	0.8400833763905265	
0	100	0	5	0.001	0	5	5	200	2	128	50	32	Adam	2	0.5	0.0003	64	32	10	5	0.8037417461482025	0.7688311688311689	0.8686720469552458	0.8157078883913194	[0.         0.15092749 1.        ]	[0.         0.76883117 1.        ]	[2 1 0]	0.8089518407393619	
0	100	0	5	0.001	0	5	5	200	2	128	50	32	Adam	2	0.5	0.0003	64	32	10	10	0.8253851797505503	0.8632268632268633	0.7732942039618489	0.8157894736842106	[0.         0.20531561 1.        ]	[0.         0.86322686 1.        ]	[2 1 0]	0.8289556243044616	
0	100	0	5	0.001	0	5	5	200	2	128	50	32	Adam	2	0.5	0.0003	64	32	10	20	0.8118121790168745	0.791095890410959	0.8473954512105649	0.818278427205101	[0.       0.164297 1.      ]	[0.         0.79109589 1.        ]	[2 1 0]	0.813399445995369	
0	100	0	5	0.001	0	5	5	200	2	128	50	32	Adam	2	0.5	0.0003	64	32	20	5	0.8275862068965517	0.8329604772557793	0.8195157740278797	0.8261834319526628	[0.         0.17761733 1.        ]	[0.         0.83296048 1.        ]	[2 1 0]	0.8276715743679619	
0	100	0	5	0.001	0	5	5	200	2	128	50	32	Adam	2	0.5	0.0003	64	32	20	10	0.780997798972854	0.7252941176470589	0.9046221570066031	0.8050930460333008	[0.         0.12670565 1.        ]	[0.         0.72529412 1.        ]	[2 1 0]	0.7992942323128082	
0	100	0	5	0.001	0	5	5	200	2	128	50	32	Adam	2	0.5	0.0003	64	32	20	20	0.8272193690388848	0.9114391143911439	0.7248716067498165	0.8075194115243155	[0.         0.22838002 1.        ]	[0.         0.91143911 1.        ]	[2 1 0]	0.8415295450153039	
0	100	0	5	0.001	0	5	5	200	2	128	50	32	Adam	2	0.5	0.001	64	32	5	5	0.7142333088774762	0.6461461461461462	0.9471753484959647	0.7682237429336508	[0.        0.0989011 1.       ]	[0.         0.64614615 1.        ]	[2 1 0]	0.7736225236225236	
0	100	0	5	0.001	0	5	5	200	2	128	50	32	Adam	2	0.5	0.001	64	32	5	10	0.8268525311812179	0.843484965304549	0.8026412325752018	0.8225563909774436	[0.         0.18824353 1.        ]	[0.         0.84348497 1.        ]	[2 1 0]	0.8276207191813159	
0	100	0	5	0.001	0	5	5	200	2	128	50	32	Adam	2	0.5	0.001	64	32	5	20	0.8246515040352165	0.9218303145853194	0.7094644167278064	0.8018242122719735	[0.         0.23613596 1.        ]	[0.         0.92183031 1.        ]	[2 1 0]	0.8428471787595648	
0	100	0	5	0.001	0	5	5	200	2	128	50	32	Adam	2	0.5	0.001	64	32	10	5	0.8286867204695525	0.8425076452599388	0.8085106382978723	0.8251591164357918	[0.         0.18406206 1.        ]	[0.         0.84250765 1.        ]	[2 1 0]	0.8292227930107874	
0	100	0	5	0.001	0	5	5	200	2	128	50	32	Adam	2	0.5	0.001	64	32	10	10	0.5685986793837124	0.5370884569615232	0.9933969185619956	0.6972193614830072	[0.         0.04390244 1.        ]	[0.         0.53708846 1.        ]	[2 1 0]	0.7465930089685664	
0	100	0	5	0.001	0	5	5	200	2	128	50	32	Adam	2	0.5	0.001	64	32	10	20	0.8286867204695525	0.8816013628620102	0.7593543653705063	0.8159243200630666	[0.         0.21134021 1.        ]	[0.         0.88160136 1.        ]	[2 1 0]	0.8351305783382216	
0	100	0	5	0.001	0	5	5	200	2	128	50	32	Adam	2	0.5	0.001	64	32	20	5	0.8297872340425532	0.9067873303167421	0.7351430667644901	0.8119935170178282	[0.         0.22270204 1.        ]	[0.         0.90678733 1.        ]	[2 1 0]	0.8420426472681797	
0	100	0	5	0.001	0	5	5	200	2	128	50	32	Adam	2	0.5	0.001	64	32	20	10	0.826118855465884	0.8694929343308395	0.7674247982391783	0.8152766952455183	[0.         0.20814183 1.        ]	[0.         0.86949293 1.        ]	[2 1 0]	0.8306755544930626	
0	100	0	5	0.001	0	5	5	200	2	128	50	32	Adam	2	0.5	0.001	64	32	20	20	0.8110785033015407	0.7912087912087912	0.8451944240645635	0.817311103228095	[0.         0.16614173 1.        ]	[0.         0.79120879 1.        ]	[2 1 0]	0.8125335294626632	
0	100	0	5	0.001	0	5	5	200	2	128	50	32	Adam	2	0.5	0.002	64	32	5	5	0.8268525311812179	0.9098436062557498	0.7256052824651504	0.8073469387755102	[0.         0.22818792 1.        ]	[0.         0.90984361 1.        ]	[2 1 0]	0.8408278433963313	
0	100	0	5	0.001	0	5	5	200	2	128	50	32	Adam	2	0.5	0.002	64	32	5	10	0.8275862068965517	0.8437259430331023	0.8041085840058694	0.8234410217881292	[0.         0.18710582 1.        ]	[0.         0.84372594 1.        ]	[2 1 0]	0.8283100633175323	
0	100	0	5	0.001	0	5	5	200	2	128	50	32	Adam	2	0.5	0.002	64	32	5	20	0.7784299339691856	0.9501779359430605	0.5876742479823918	0.7262012692656392	[0.        0.2984599 1.       ]	[0.         0.95017794 1.        ]	[2 1 0]	0.8258590157676005	
0	100	0	5	0.001	0	5	5	200	2	128	50	32	Adam	2	0.5	0.002	64	32	10	5	0.8268525311812179	0.8595641646489104	0.7813646368305209	0.8186010760953112	[0.        0.2004035 1.       ]	[0.         0.85956416 1.        ]	[2 1 0]	0.8295803338375688	
0	100	0	5	0.001	0	5	5	200	2	128	50	32	Adam	2	0.5	0.002	64	32	10	10	0.8275862068965517	0.8395437262357415	0.80997798972854	0.8244958924570575	[0.         0.18355776 1.        ]	[0.         0.83954373 1.        ]	[2 1 0]	0.8279929828910813	
0	100	0	5	0.001	0	5	5	200	2	128	50	32	Adam	2	0.5	0.002	64	32	10	20	0.805575935436537	0.7699287103046014	0.871606749816581	0.817618719889883	[0.         0.14792899 1.        ]	[0.         0.76992871 1.        ]	[2 1 0]	0.8109998581108807	
0	100	0	5	0.001	0	5	5	200	2	128	50	32	Adam	2	0.5	0.002	64	32	20	5	0.7960381511371973	0.7529780564263323	0.8811445341159208	0.8120351588911427	[0.         0.14323607 1.        ]	[0.         0.75297806 1.        ]	[2 1 0]	0.8048709910778876	
0	100	0	5	0.001	0	5	5	200	2	128	50	32	Adam	2	0.5	0.002	64	32	20	10	0.8070432868672047	0.7722836694860117	0.8708730741012473	0.8186206896551724	[0.         0.14802355 1.        ]	[0.         0.77228367 1.        ]	[2 1 0]	0.8121300601425012	
0	100	0	5	0.001	0	5	5	200	2	128	50	32	Adam	2	0.5	0.002	64	32	20	20	0.8066764490095378	0.7742782152230971	0.8657373440939105	0.8174575684101143	[0.         0.15224626 1.        ]	[0.         0.77427822 1.        ]	[2 1 0]	0.8110159794917482	
0	100	0	5	0.001	0	5	5	200	2	128	50	32	Adam	3	0.5	0.0003	64	32	5	5	0.8246515040352165	0.86479802143446	0.7696258253851798	0.81444099378882	[0.        0.2075347 1.       ]	[0.         0.86479802 1.        ]	[2 1 0]	0.8286316610807462	
0	100	0	5	0.001	0	5	5	200	2	128	50	32	Adam	3	0.5	0.0003	64	32	5	10	0.8250183418928834	0.9211026615969582	0.7109317681584739	0.8024844720496894	[0.        0.2353644 1.       ]	[0.         0.92110266 1.        ]	[2 1 0]	0.8428691324711195	
0	100	0	5	0.001	0	5	5	200	2	128	50	32	Adam	3	0.5	0.0003	64	32	5	20	0.7901687454145268	0.7395517867958813	0.8958180484225972	0.8102189781021897	[0.         0.13209302 1.        ]	[0.         0.73955179 1.        ]	[2 1 0]	0.8037293817700337	
0	100	0	5	0.001	0	5	5	200	2	128	50	32	Adam	3	0.5	0.0003	64	32	10	5	0.8305209097578871	0.8927637314734089	0.7512839325018342	0.8159362549800797	[0.         0.21469284 1.        ]	[0.         0.89276373 1.        ]	[2 1 0]	0.839035443950764	
0	100	0	5	0.001	0	5	5	200	2	128	50	32	Adam	3	0.5	0.0003	64	32	10	10	0.7942039618488628	0.9445676274944568	0.6250917094644167	0.752317880794702	[0.         0.28015351 1.        ]	[0.         0.94456763 1.        ]	[2 1 0]	0.8322070593612635	
0	100	0	5	0.001	0	5	5	200	2	128	50	32	Adam	3	0.5	0.0003	64	32	10	20	0.826485693323551	0.8733221476510067	0.7637564196625092	0.8148727984344422	[0.         0.20990874 1.        ]	[0.         0.87332215 1.        ]	[2 1 0]	0.8317067061592712	
0	100	0	5	0.001	0	5	5	200	2	128	50	32	Adam	3	0.5	0.0003	64	32	20	5	0.818048422597212	0.8098641887062187	0.8312545854732208	0.8204199855177408	[0.         0.17332329 1.        ]	[0.         0.80986419 1.        ]	[2 1 0]	0.8182704515497937	
0	100	0	5	0.001	0	5	5	200	2	128	50	32	Adam	3	0.5	0.0003	64	32	20	10	0.8235509904622157	0.8252212389380531	0.8209831254585473	0.8230967267377712	[0.         0.17810219 1.        ]	[0.         0.82522124 1.        ]	[2 1 0]	0.8235595245785157	
0	100	0	5	0.001	0	5	5	200	2	128	50	32	Adam	3	0.5	0.0003	64	32	20	20	0.8268525311812179	0.8578313253012049	0.7835656639765224	0.8190184049079755	[0.         0.19918974 1.        ]	[0.         0.85783133 1.        ]	[2 1 0]	0.8293207943183944	
0	100	0	5	0.001	0	5	5	200	2	128	50	32	Adam	3	0.5	0.001	64	32	5	5	0.8118121790168745	0.9275653923541247	0.6764490095377843	0.7823504454815443	[0.         0.25461894 1.        ]	[0.         0.92756539 1.        ]	[2 1 0]	0.8364732273548916	
0	100	0	5	0.001	0	5	5	200	2	128	50	32	Adam	3	0.5	0.001	64	32	5	10	0.8253851797505503	0.8650205761316873	0.7710931768158474	0.8153607447633825	[0.         0.20648577 1.        ]	[0.         0.86502058 1.        ]	[2 1 0]	0.8292674025595563	
0	100	0	5	0.001	0	5	5	200	2	128	50	32	Adam	3	0.5	0.001	64	32	5	20	0.8283198826118855	0.8977777777777778	0.7410124724871606	0.8118971061093249	[0.        0.2204872 1.       ]	[0.         0.89777778 1.        ]	[2 1 0]	0.8386452911374835	
0	100	0	5	0.001	0	5	5	200	2	128	50	32	Adam	3	0.5	0.001	64	32	10	5	0.7732942039618489	0.7146974063400576	0.9097578870139399	0.8005164622336991	[0.         0.12411705 1.        ]	[0.         0.71469741 1.        ]	[2 1 0]	0.795290176429363	
0	100	0	5	0.001	0	5	5	200	2	128	50	32	Adam	3	0.5	0.001	64	32	10	10	0.7949376375641967	0.9417582417582417	0.6287600880410859	0.7540695116586009	[0.         0.27863436 1.        ]	[0.         0.94175824 1.        ]	[2 1 0]	0.8315619402623808	
0	100	0	5	0.001	0	5	5	200	2	128	50	32	Adam	3	0.5	0.001	64	32	10	20	0.8077769625825385	0.7806020066889632	0.8561995597945709	0.8166550034989504	[0.         0.15922015 1.        ]	[0.         0.78060201 1.        ]	[2 1 0]	0.8106909302331899	
0	100	0	5	0.001	0	5	5	200	2	128	50	32	Adam	3	0.5	0.001	64	32	20	5	0.8279530447542186	0.8422664624808576	0.8070432868672047	0.8242787560884226	[0.         0.18521127 1.        ]	[0.         0.84226646 1.        ]	[2 1 0]	0.828527597437612	
0	100	0	5	0.001	0	5	5	200	2	128	50	32	Adam	3	0.5	0.001	64	32	20	10	0.826118855465884	0.8536197295147175	0.7872340425531915	0.8190839694656489	[0.         0.19741321 1.        ]	[0.         0.85361973 1.        ]	[2 1 0]	0.8281032616259769	
0	100	0	5	0.001	0	5	5	200	2	128	50	32	Adam	3	0.5	0.001	64	32	20	20	0.8246515040352165	0.8275351591413768	0.8202494497432135	0.823876197494473	[0.         0.17818182 1.        ]	[0.         0.82753516 1.        ]	[2 1 0]	0.8246766704797792	
0	100	0	5	0.001	0	5	5	200	2	128	50	32	Adam	3	0.5	0.002	64	32	5	5	0.7556859867938371	0.6897114861186717	0.9295671313279531	0.7918749999999999	[0.        0.1079865 1.       ]	[0.         0.68971149 1.        ]	[2 1 0]	0.7908624922156913	
0	100	0	5	0.001	0	5	5	200	2	128	50	32	Adam	3	0.5	0.002	64	32	5	10	0.5407190022010272	0.5212562236690923	0.9985326485693323	0.6849521892299949	[0.        0.0173913 1.       ]	[0.         0.52125622 1.        ]	[2 1 0]	0.751932459660633	
0	100	0	5	0.001	0	5	5	200	2	128	50	32	Adam	3	0.5	0.002	64	32	5	20	0.7960381511371973	0.9419496166484118	0.6309611151870873	0.7557117750439367	[0.         0.27744071 1.        ]	[0.         0.94194962 1.        ]	[2 1 0]	0.8322544553181386	
0	100	0	5	0.001	0	5	5	200	2	128	50	32	Adam	3	0.5	0.002	64	32	10	5	0.8268525311812179	0.8456167571761055	0.7997065297138665	0.822021116138763	[0.         0.18997912 1.        ]	[0.         0.84561676 1.        ]	[2 1 0]	0.8278188170014139	
0	100	0	5	0.001	0	5	5	200	2	128	50	32	Adam	3	0.5	0.002	64	32	10	10	0.8275862068965517	0.9184629803186504	0.719002201027146	0.8065843621399177	[0.         0.23086197 1.        ]	[0.         0.91846298 1.        ]	[2 1 0]	0.8438005076397351	
0	100	0	5	0.001	0	5	5	200	2	128	50	32	Adam	3	0.5	0.002	64	32	10	20	0.7993396918561996	0.7566037735849057	0.8826118855465884	0.8147646461225873	[0.         0.14084507 1.        ]	[0.         0.75660377 1.        ]	[2 1 0]	0.8078793515811852	
0	100	0	5	0.001	0	5	5	200	2	128	50	32	Adam	3	0.5	0.002	64	32	20	5	0.8279530447542186	0.8781725888324873	0.7615553925165077	0.8157170923379174	[0.         0.21049223 1.        ]	[0.         0.87817259 1.        ]	[2 1 0]	0.8338401804266063	
0	100	0	5	0.001	0	5	5	200	2	128	50	32	Adam	3	0.5	0.002	64	32	20	10	0.8283198826118855	0.8789161727349704	0.7615553925165077	0.8160377358490566	[0.         0.21035599 1.        ]	[0.         0.87891617 1.        ]	[2 1 0]	0.8342800928399771	
0	100	0	5	0.001	0	5	5	200	2	128	50	32	Adam	3	0.5	0.002	64	32	20	20	0.826118855465884	0.8576025744167337	0.7820983125458547	0.8181120491174213	[0.         0.20026972 1.        ]	[0.         0.85760257 1.        ]	[2 1 0]	0.8286664254416777	
