min_count	voc_size	sg	negative	sample	hs	iter	window	sentence_length	class_num	batch_size	epochs_d	lstm_unit	optimizer	layer	drop_out	learning_rate	gru_unit	dense_unit	pool_size	kernel_size	accuracy	micro_precision	macro_precision	weight_precision	micro_recall	macro_recall	weight_recall	micro_f1	macro_f1	weight_f1	micro_fpr	macro_fpr	micro_tpr	macro_tpr	micro_auc	macro_auc	
0	100	0	5	0.001	0	5	5	200	9	32	1	32	Adam	2	0.5	0.0003	128	32	5	5	0.1111111111111111	0.1111111111111111	0.012345679012345678	0.012345679012345678	0.1111111111111111	0.1111111111111111	0.1111111111111111	0.1111111111111111	0.02222222222222222	0.022222222222222223	[0.         0.11111111 1.        ]	[0. 1.]	[0.         0.11111111 1.        ]	[0. 1.]	0.5	0.5	
0	100	0	5	0.001	0	5	5	200	9	32	50	128	Adam	2	0.5	0.0003	128	32	5	5	0.5493962678375411	0.5493962678375411	0.45200384504843844	0.5399323529501507	0.5493962678375411	0.45844534604435183	0.5493962678375411	0.5493962678375411	0.451720168475869	0.5405806992836708	[0.         0.05632547 1.        ]	[0.         0.02180318 0.02516129 0.04709677 0.05246321 0.09225806
 0.13032258 0.15226849 1.        ]	[0.         0.54939627 1.        ]	[0.         0.23980971 0.26634972 0.36293795 0.37888973 0.45273673
 0.49776776 0.51498574 1.        ]	0.746535400658617	0.700257473395461	
0	100	0	5	0.001	0	5	5	200	9	32	50	128	Adam	2	0.5	0.0003	256	32	5	5	0.5499451152579583	0.5499451152579583	0.48922685656779014	0.548414119843804	0.5499451152579583	0.45784434712852273	0.5499451152579583	0.5499451152579583	0.45344480205813276	0.5389552643908289	[0.         0.05625686 1.        ]	[0.         0.00114155 0.01649971 0.02387097 0.04387097 0.06397953
 0.10387097 0.11622126 0.15290323 1.        ]	[0.         0.54994512 1.        ]	[0.         0.01511212 0.19875561 0.25704262 0.34138045 0.39620117
 0.46739666 0.48153908 0.51530131 1.        ]	0.7468441273326016	0.6999022752922759	
0	100	0	5	0.001	0	5	5	200	9	32	50	128	Adam	2	0.5	0.0003	512	32	5	5	0.5493962678375411	0.5493962678375411	0.5504761695753901	0.5584913540895106	0.5493962678375411	0.4561084044750159	0.5493962678375411	0.5493962678375411	0.44717845296562486	0.5319878410116159	[0.         0.05632547 1.        ]	[0.         0.01826753 0.02774194 0.05290323 0.081254   0.09011809
 0.11548387 0.13806452 1.        ]	[0.         0.54939627 1.        ]	[0.0015873  0.1961756  0.26248112 0.358372   0.43021909 0.44585908
 0.48467572 0.50617369 1.        ]	0.746535400658617	0.6989523598035073	
0	100	0	5	0.001	0	5	5	200	9	32	50	128	Adam	2	0.5	0.001	128	32	5	5	0.5493962678375411	0.5493962678375411	0.5312912746268043	0.5539733301475813	0.5493962678375411	0.4662270071029545	0.5493962678375411	0.5493962678375411	0.4695349181744346	0.5399860144187631	[0.         0.05632547 1.        ]	[0.         0.00285388 0.0039886  0.01826753 0.03096774 0.06014075
 0.06774194 0.08709677 0.10876321 0.14258065 1.        ]	[0.         0.54939627 1.        ]	[0.         0.04258626 0.05521479 0.20379913 0.28955212 0.40211243
 0.42408943 0.45957077 0.48456184 0.51631923 1.        ]	0.746535400658617	0.7040912216127251	
0	100	0	5	0.001	0	5	5	200	9	32	50	128	Adam	2	0.5	0.001	256	32	5	5	0.5439077936333699	0.5439077936333699	0.44165350217682814	0.5344087032557966	0.5439077936333699	0.4539151481342866	0.5439077936333699	0.5439077936333699	0.43946980725760265	0.5286372874720693	[0.         0.05701153 1.        ]	[0.         0.00285388 0.01935484 0.03646833 0.03948144 0.05290323
 0.08141703 0.09290323 0.20322581 1.        ]	[0.         0.54390779 1.        ]	[0.         0.03061096 0.20944026 0.318763   0.3336866  0.37497485
 0.42558467 0.44335534 0.54252381 1.        ]	0.7434481339187706	0.6975904754432961	
0	100	0	5	0.001	0	5	5	200	9	32	50	128	Adam	2	0.5	0.001	512	32	5	5	0.5548847420417125	0.5548847420417125	0.5247196207929224	0.5546271207940232	0.5548847420417125	0.46411753829815144	0.5548847420417125	0.5548847420417125	0.46496923319480454	0.5414165201136325	[0.         0.05563941 1.        ]	[0.         0.00171233 0.0117855  0.0283871  0.05096774 0.08189379
 0.08825357 0.10967742 0.14516129 1.        ]	[0.         0.55488474 1.        ]	[0.         0.0304674  0.15469805 0.27134771 0.35968428 0.43936662
 0.45093429 0.48417915 0.51769302 1.        ]	0.7496226673984632	0.7032899497813723	
0	100	0	5	0.001	0	5	5	200	9	32	50	128	Adam	2	0.5	0.002	128	32	5	5	0.5614709110867179	0.5614709110867179	0.5195332837396801	0.5604361214479885	0.5614709110867179	0.47561662905656277	0.5614709110867179	0.5614709110867179	0.48014992074280194	0.5504608768243685	[0.         0.05481614 1.        ]	[0.         0.00513699 0.0141426  0.02       0.05677419 0.06142035
 0.08017402 0.10580645 0.16645161 1.        ]	[0.         0.56147091 1.        ]	[0.         0.08459334 0.2003345  0.24938761 0.39750747 0.41038913
 0.44422888 0.4839676  0.54022441 1.        ]	0.7533273874862788	0.7094801914403472	
0	100	0	5	0.001	0	5	5	200	9	32	50	128	Adam	2	0.5	0.002	256	32	5	5	0.5450054884742042	0.5450054884742042	0.4440065809735599	0.534349023927441	0.5450054884742042	0.45551357014488736	0.5450054884742042	0.5450054884742042	0.4428612620635246	0.5306572765203362	[0.         0.05687431 1.        ]	[0.         0.00114155 0.02516129 0.03299941 0.04645161 0.04670505
 0.07806452 0.09073959 0.20645161 1.        ]	[0.         0.54500549 1.        ]	[0.         0.01143962 0.25481579 0.3075843  0.36784285 0.36861031
 0.42734219 0.44167317 0.54567274 1.        ]	0.7440655872667398	0.698439305089987	
0	100	0	5	0.001	0	5	5	200	9	32	50	128	Adam	2	0.5	0.002	512	32	5	5	0.36443468715697036	0.36443468715697036	0.30175729248950467	0.38143529182614483	0.36443468715697036	0.3335476851216813	0.36443468715697036	0.36443468715697036	0.2520352007032771	0.314796403084624	[0.         0.07944566 1.        ]	[0.00000000e+00 5.89275192e-04 6.45161290e-04 1.66346769e-02
 1.86451212e-02 2.06451613e-02 1.03870968e-01 2.56774194e-01
 2.90028490e-01 1.00000000e+00]	[0.         0.36443469 1.        ]	[0.         0.00345577 0.00378973 0.1011148  0.10762117 0.11369309
 0.29004598 0.47531011 0.50583944 1.        ]	0.6424945115257958	0.627449784383749	
0	100	0	5	0.001	0	5	5	200	9	32	50	128	Adam	4	0.5	0.0003	128	32	5	5	0.5461031833150384	0.5461031833150384	0.4412608457849657	0.5258663168337794	0.5461031833150384	0.4545511793009723	0.5461031833150384	0.5461031833150384	0.4455483890756684	0.5330048716026529	[0.        0.0567371 1.       ]	[0.         0.02239246 0.02645161 0.05758157 0.06322581 0.08580645
 0.12119329 0.14967742 1.        ]	[0.         0.54610318 1.        ]	[0.         0.23166899 0.26126959 0.3846754  0.40133505 0.44309723
 0.48354486 0.51021721 1.        ]	0.744683040614709	0.6980351113586609	
0	100	0	5	0.001	0	5	5	200	9	32	50	128	Adam	4	0.5	0.0003	256	32	5	5	0.5488474204171241	0.5488474204171241	0.5459975055422971	0.561522849535941	0.5488474204171241	0.4586445344622644	0.5488474204171241	0.5488474204171241	0.44572068088612443	0.532368535607658	[0.         0.05639407 1.        ]	[0.         0.02580645 0.03299941 0.06142035 0.06903226 0.09446861
 0.17032258 1.        ]	[0.         0.54884742 1.        ]	[0.0015873  0.24809587 0.29214608 0.4045454  0.42722322 0.45669186
 0.52704974 1.        ]	0.7462266739846323	0.7002621606396133	
0	100	0	5	0.001	0	5	5	200	9	32	50	128	Adam	4	0.5	0.0003	512	32	5	5	0.5477497255762898	0.5477497255762898	0.5220602758547181	0.5579362381062005	0.5477497255762898	0.45204727831156993	0.5477497255762898	0.5477497255762898	0.4555323957304138	0.5375518340585207	[0.         0.05653128 1.        ]	[0.         0.00171233 0.0070713  0.02387097 0.06525912 0.06645161
 0.08064516 0.11311374 0.16774194 1.        ]	[0.         0.54774973 1.        ]	[0.         0.03215275 0.11347094 0.24053653 0.4008386  0.40437461
 0.4312343  0.4683366  0.51914099 1.        ]	0.745609220636663	0.6968088524443148	
0	100	0	5	0.001	0	5	5	200	9	32	50	128	Adam	4	0.5	0.001	128	32	5	5	0.5510428100987925	0.5510428100987925	0.49968303318698026	0.5448907633342452	0.5510428100987925	0.4585150499061022	0.5510428100987925	0.5510428100987925	0.4542955331947497	0.5364809969947386	[0.         0.05611965 1.        ]	[0.         0.00171233 0.01708898 0.02258065 0.06193548 0.06653871
 0.09073959 0.10580645 0.15548387 1.        ]	[0.         0.55104281 1.        ]	[0.         0.02428848 0.20127449 0.24359895 0.39404769 0.40633239
 0.44872515 0.47171962 0.51810317 1.        ]	0.7474615806805708	0.7002638550444487	
0	100	0	5	0.001	0	5	5	200	9	32	50	128	Adam	4	0.5	0.001	256	32	5	5	0.5526893523600439	0.5526893523600439	0.570110528871802	0.5832916086935361	0.5526893523600439	0.4600168963495393	0.5526893523600439	0.5526893523600439	0.45722932845041864	0.5415683808788087	[0.         0.05591383 1.        ]	[0.         0.01419355 0.01708898 0.05483871 0.05566219 0.08129032
 0.09819764 0.19870968 1.        ]	[0.         0.55268935 1.        ]	[0.0031746  0.20169033 0.22509964 0.38274476 0.38513821 0.43315008
 0.45271976 0.54532617 1.        ]	0.7483877607025247	0.7011206112301644	
0	100	0	5	0.001	0	5	5	200	9	32	50	128	Adam	4	0.5	0.001	512	32	5	5	0.5159165751920965	0.5159165751920965	0.4387231609708752	0.5178611322942782	0.5159165751920965	0.43127848099016286	0.5159165751920965	0.5159165751920965	0.4281174233179292	0.5096817604864043	[0.         0.06051043 1.        ]	[0.         0.01355333 0.02645161 0.05096774 0.07548387 0.07869482
 0.10451613 0.20944686 1.        ]	[0.         0.51591658 1.        ]	[0.         0.15896427 0.24995483 0.34247793 0.40350192 0.41037667
 0.44494033 0.52147599 1.        ]	0.7277030735455542	0.6845773314224987	
0	100	0	5	0.001	0	5	5	200	9	32	50	128	Adam	4	0.5	0.002	128	32	5	5	0.5488474204171241	0.5488474204171241	0.43880187442473334	0.5258585630040893	0.5488474204171241	0.45712761613548686	0.5488474204171241	0.5488474204171241	0.4422054679368984	0.5298336771956407	[0.         0.05639407 1.        ]	[0.         0.02       0.02946376 0.05630198 0.06387097 0.07520199
 0.08193548 0.19741935 1.        ]	[0.         0.54884742 1.        ]	[0.         0.21660487 0.2779632  0.38412942 0.4062226  0.42686207
 0.4377644  0.54214353 1.        ]	0.7462266739846323	0.6994419448341	
0	100	0	5	0.001	0	5	5	200	9	32	50	128	Adam	4	0.5	0.002	256	32	5	5	0.5455543358946213	0.5455543358946213	0.4467775634359368	0.5467560238381491	0.5455543358946213	0.4613069786557773	0.5455543358946213	0.5455543358946213	0.4449980682975748	0.5362194568467757	[0.         0.05680571 1.        ]	[0.00000000e+00 5.70776256e-04 2.64516129e-02 2.83870968e-02
 3.13499680e-02 5.48025928e-02 1.14193548e-01 1.27096774e-01
 1.40459913e-01 1.00000000e+00]	[0.         0.54555434 1.        ]	[0.         0.00592196 0.27731986 0.29298616 0.30765316 0.3820435
 0.48568493 0.50064944 0.51125504 1.        ]	0.7443743139407246	0.7015805847543173	
