min_count	voc_size	sg	negative	sample	hs	iter	window	sentence_length	class_num	batch_size	epochs_d	lstm_unit	optimizer	layer	drop_out	learning_rate	gru_unit	dense_unit	pool_size	kernel_size	accuracy	precision	recall	f1	fpr	tpr	thresholds	auc_score	
0	100	0	5	0.001	0	5	5	200	2	32	50	128	Adam	2	0.5	0.0003	128	32	5	5	0.5	0.0	0.0	0.0	[0.  0.5 1. ]	[nan nan nan]	[2 1 0]	nan	
0	100	0	5	0.001	0	5	5	200	2	32	50	128	Adam	2	0.5	0.0003	128	32	5	5	0.7732942039618489	0.7954004758128469	0.7358767424798239	0.7644817073170731	[0.         0.24573379 1.        ]	[0.         0.79540048 1.        ]	[2 1 0]	0.7748333437084711	
0	100	0	5	0.001	0	5	5	200	2	32	50	128	Adam	2	0.5	0.0003	256	32	5	5	0.780997798972854	0.7799707602339181	0.7828319882611886	0.7813987550347858	[0.        0.2179676 1.       ]	[0.         0.77997076 1.        ]	[2 1 0]	0.7810015804115099	
0	100	0	5	0.001	0	5	5	200	2	32	50	128	Adam	2	0.5	0.0003	512	32	5	5	0.7754952311078503	0.7886241352805534	0.7527512839325018	0.7702702702702702	[0.         0.23649123 1.        ]	[0.         0.78862414 1.        ]	[2 1 0]	0.776066453605189	
0	100	0	5	0.001	0	5	5	200	2	32	50	128	Adam	2	0.5	0.001	128	32	5	5	0.7791636096845195	0.772369362920544	0.7916360968451944	0.7818840579710146	[0.         0.21369451 1.        ]	[0.         0.77236936 1.        ]	[2 1 0]	0.7793374278861561	
0	100	0	5	0.001	0	5	5	200	2	32	50	128	Adam	2	0.5	0.001	256	32	5	5	0.780630961115187	0.7726300784034212	0.7953044754218636	0.7838033261026753	[0.         0.21088435 1.        ]	[0.         0.77263008 1.        ]	[2 1 0]	0.7808728623309624	
0	100	0	5	0.001	0	5	5	200	2	32	50	128	Adam	2	0.5	0.001	512	32	5	5	0.7721936903888481	0.7939778129952456	0.7351430667644901	0.7634285714285715	[0.        0.2465847 1.       ]	[0.         0.79397781 1.        ]	[2 1 0]	0.7736965567708469	
0	100	0	5	0.001	0	5	5	200	2	32	50	128	Adam	2	0.5	0.002	128	32	5	5	0.7795304475421864	0.7834821428571429	0.772560528246515	0.77798300701884	[0.         0.22431259 1.        ]	[0.         0.78348214 1.        ]	[2 1 0]	0.7795847762042588	
0	100	0	5	0.001	0	5	5	200	2	32	50	128	Adam	2	0.5	0.002	256	32	5	5	0.780997798972854	0.7812041116005873	0.780630961115187	0.7809174311926604	[0.         0.21920821 1.        ]	[0.         0.78120411 1.        ]	[2 1 0]	0.7809979502284461	
0	100	0	5	0.001	0	5	5	200	2	32	50	128	Adam	2	0.5	0.002	512	32	5	5	0.7861335289801907	0.7884615384615384	0.7820983125458547	0.7852670349907918	[0.         0.21615721 1.        ]	[0.         0.78846154 1.        ]	[2 1 0]	0.7861521666106819	
0	100	0	5	0.001	0	5	5	200	2	32	50	128	Adam	4	0.5	0.0003	128	32	5	5	0.7780630961115187	0.7819940476190477	0.7710931768158474	0.7765053564831917	[0.         0.22575977 1.        ]	[0.         0.78199405 1.        ]	[2 1 0]	0.778117139583764	
0	100	0	5	0.001	0	5	5	200	2	32	50	128	Adam	4	0.5	0.0003	256	32	5	5	0.7743947175348496	0.793563579277865	0.7417461482024945	0.7667804323094426	[0.         0.24242424 1.        ]	[0.         0.79356358 1.        ]	[2 1 0]	0.7755696684268113	
0	100	0	5	0.001	0	5	5	200	2	32	50	128	Adam	4	0.5	0.0003	512	32	5	5	0.7820983125458547	0.778421433743664	0.7887013939838592	0.7835276967930029	[0.         0.21412639 1.        ]	[0.         0.77842143 1.        ]	[2 1 0]	0.7821475198458097	
0	100	0	5	0.001	0	5	5	200	2	32	50	128	Adam	4	0.5	0.001	128	32	5	5	0.7820983125458547	0.7833456153279292	0.7798972853998533	0.7816176470588236	[0.         0.21913806 1.        ]	[0.         0.78334562 1.        ]	[2 1 0]	0.7821037791760173	
0	100	0	5	0.001	0	5	5	200	2	32	50	128	Adam	4	0.5	0.001	256	32	5	5	0.7828319882611886	0.7840825350036846	0.780630961115187	0.7823529411764706	[0.        0.2184076 1.       ]	[0.         0.78408254 1.        ]	[2 1 0]	0.7828374691088548	
0	100	0	5	0.001	0	5	5	200	2	32	50	128	Adam	4	0.5	0.001	512	32	5	5	0.7732942039618489	0.7811320754716982	0.7593543653705063	0.7700892857142857	[0.         0.23411849 1.        ]	[0.         0.78113208 1.        ]	[2 1 0]	0.773506794338276	
0	100	0	5	0.001	0	5	5	200	2	32	50	128	Adam	4	0.5	0.002	128	32	5	5	0.7824651504035216	0.7864583333333334	0.7754952311078503	0.7809383080901366	[0.         0.22141823 1.        ]	[0.         0.78645833 1.        ]	[2 1 0]	0.7825200494452486	
0	100	0	5	0.001	0	5	5	200	2	32	50	128	Adam	4	0.5	0.002	256	32	5	5	0.5	0.0	0.0	0.0	[0.  0.5 1. ]	[nan nan nan]	[2 1 0]	nan	
0	100	0	5	0.001	0	5	5	200	2	32	50	128	Adam	4	0.5	0.002	512	32	5	5	0.5	0.5	1.0	0.6666666666666666	[nan nan nan]	[0.  0.5 1. ]	[2 1 0]	nan	
0	100	0	5	0.001	0	5	5	200	2	128	50	128	Adam	2	0.5	0.0003	128	32	5	5	0.7780630961115187	0.7866868381240545	0.7630227439471754	0.7746741154562384	[0.         0.23005698 1.        ]	[0.         0.78668684 1.        ]	[2 1 0]	0.7783149290335373	
0	100	0	5	0.001	0	5	5	200	2	128	50	128	Adam	2	0.5	0.0003	256	32	5	5	0.7747615553925165	0.7882986913010007	0.7512839325018342	0.7693463561232157	[0.         0.23756132 1.        ]	[0.         0.78829869 1.        ]	[2 1 0]	0.7753686869259032	
0	100	0	5	0.001	0	5	5	200	2	128	50	128	Adam	2	0.5	0.0003	512	32	5	5	0.780630961115187	0.78104335047759	0.7798972853998533	0.7804698972099853	[0.         0.21978022 1.        ]	[0.         0.78104335 1.        ]	[2 1 0]	0.780631565348685	
0	100	0	5	0.001	0	5	5	200	2	128	50	128	Adam	2	0.5	0.001	128	32	5	5	0.780630961115187	0.7781818181818182	0.7850330154071901	0.7815924032140248	[0.         0.21687639 1.        ]	[0.         0.77818182 1.        ]	[2 1 0]	0.7806527151604872	
0	100	0	5	0.001	0	5	5	200	2	128	50	128	Adam	2	0.5	0.001	256	32	5	5	0.776962582538518	0.7870722433460076	0.7593543653705063	0.7729648991784913	[0.         0.23245925 1.        ]	[0.         0.78707224 1.        ]	[2 1 0]	0.7773064972931313	
0	100	0	5	0.001	0	5	5	200	2	128	50	128	Adam	2	0.5	0.001	512	32	5	5	0.7754952311078503	0.7877394636015326	0.7542186353631695	0.7706146926536732	[0.         0.23574947 1.        ]	[0.         0.78773946 1.        ]	[2 1 0]	0.7759949956994291	
0	100	0	5	0.001	0	5	5	200	2	128	50	128	Adam	2	0.5	0.002	128	32	5	5	0.772560528246515	0.7969624300559552	0.731474688187821	0.762815608263198	[0.         0.24813559 1.        ]	[0.         0.79696243 1.        ]	[2 1 0]	0.7744134184178082	
0	100	0	5	0.001	0	5	5	200	2	128	50	128	Adam	2	0.5	0.002	256	32	5	5	0.7740278796771827	0.7947908445146015	0.7388114453411592	0.7657794676806083	[0.         0.24400274 1.        ]	[0.         0.79479084 1.        ]	[2 1 0]	0.7753940514553815	
0	100	0	5	0.001	0	5	5	200	2	128	50	128	Adam	2	0.5	0.002	512	32	5	5	0.7740278796771827	0.7911145752143414	0.7446808510638298	0.7671957671957671	[0.         0.24116424 1.        ]	[0.         0.79111458 1.        ]	[2 1 0]	0.7749751670250501	
0	100	0	5	0.001	0	5	5	200	2	128	50	128	Adam	4	0.5	0.0003	128	32	5	5	0.780630961115187	0.786946736684171	0.7696258253851798	0.7781899109792285	[0.         0.22541278 1.        ]	[0.         0.78694674 1.        ]	[2 1 0]	0.7807669792537868	
0	100	0	5	0.001	0	5	5	200	2	128	50	128	Adam	4	0.5	0.0003	256	32	5	5	0.7787967718268526	0.7865761689291101	0.7652237710931769	0.775753068055039	[0.         0.22857143 1.        ]	[0.         0.78657617 1.        ]	[2 1 0]	0.7790023701788408	
0	100	0	5	0.001	0	5	5	200	2	128	50	128	Adam	4	0.5	0.0003	512	32	5	5	0.7798972853998533	0.7730851825340014	0.7923697725605282	0.7826086956521738	[0.         0.21294206 1.        ]	[0.         0.77308518 1.        ]	[2 1 0]	0.7800715604167374	
0	100	0	5	0.001	0	5	5	200	2	128	50	128	Adam	4	0.5	0.001	128	32	5	5	0.7754952311078503	0.7949725058915946	0.7424798239178283	0.7678300455235204	[0.         0.24156917 1.        ]	[0.         0.79497251 1.        ]	[2 1 0]	0.776701669325701	
0	100	0	5	0.001	0	5	5	200	2	128	50	128	Adam	4	0.5	0.001	256	32	5	5	0.7795304475421864	0.7843283582089552	0.7710931768158474	0.777654458009619	[0.         0.22510823 1.        ]	[0.         0.78432836 1.        ]	[2 1 0]	0.779610066550365	
0	100	0	5	0.001	0	5	5	200	2	128	50	128	Adam	4	0.5	0.001	512	32	5	5	0.772927366104182	0.794770206022187	0.7358767424798239	0.7641904761904762	[0.         0.24590164 1.        ]	[0.         0.79477021 1.        ]	[2 1 0]	0.7744342833389622	
0	100	0	5	0.001	0	5	5	200	2	128	50	128	Adam	4	0.5	0.002	128	32	5	5	0.780997798972854	0.7820324005891016	0.7791636096845195	0.7805953693495039	[0.         0.22002924 1.        ]	[0.        0.7820324 1.       ]	[2 1 0]	0.7810015804115098	
0	100	0	5	0.001	0	5	5	200	2	128	50	128	Adam	4	0.5	0.002	256	32	5	5	0.7798972853998533	0.7896735003796507	0.7630227439471754	0.7761194029850746	[0.        0.2292406 1.       ]	[0.        0.7896735 1.       ]	[2 1 0]	0.7802164521060779	
0	100	0	5	0.001	0	5	5	200	2	128	50	128	Adam	4	0.5	0.002	512	32	5	5	0.776962582538518	0.7623349548297429	0.8048422597212033	0.7830121341898644	[0.         0.20668221 1.        ]	[0.         0.76233495 1.        ]	[2 1 0]	0.7778263740737681	
