min_count	voc_size	sg	negative	sample	hs	iter	window	sentence_length	class_num	batch_size	epochs_d	lstm_unit	optimizer	layer	drop_out	learning_rate	gru_unit	dense_unit	pool_size	kernel_size	accuracy	precision	recall	f1	fpr	tpr	thresholds	auc_score	
0	100	0	5	0.001	0	5	5	200	2	32	50	128	Adam	2	0.5	0.0003	128	32	5	5	0.7861335289801907	0.7871870397643593	0.7842993396918562	0.7857405365674385	[0.         0.21491228 1.        ]	[0.         0.78718704 1.        ]	[2 1 0]	0.7861373795313024	
0	100	0	5	0.001	0	5	5	200	2	32	50	128	Adam	2	0.5	0.0003	256	32	5	5	0.7857666911225238	0.787030213706706	0.7835656639765224	0.7852941176470589	[0.         0.21548576 1.        ]	[0.         0.78703021 1.        ]	[2 1 0]	0.7857722288402047	
0	100	0	5	0.001	0	5	5	200	2	32	50	128	Adam	2	0.5	0.0003	512	32	5	5	0.7846661775495231	0.787833827893175	0.7791636096845195	0.7834747325710071	[0.         0.21843251 1.        ]	[0.         0.78783383 1.        ]	[2 1 0]	0.7847006585039169	
0	100	0	5	0.001	0	5	5	200	2	32	50	128	Adam	2	0.5	0.001	128	32	5	5	0.7883345561261922	0.7941616766467066	0.7784299339691856	0.7862171174509077	[0.         0.21726619 1.        ]	[0.         0.79416168 1.        ]	[2 1 0]	0.7884477447981735	
0	100	0	5	0.001	0	5	5	200	2	32	50	128	Adam	2	0.5	0.001	256	32	5	5	0.789435069699193	0.8094117647058824	0.7571533382245048	0.7824109173616377	[0.         0.22811854 1.        ]	[0.         0.80941176 1.        ]	[2 1 0]	0.7906466128836097	
0	100	0	5	0.001	0	5	5	200	2	32	50	128	Adam	2	0.5	0.001	512	32	5	5	0.7861335289801907	0.7867647058823529	0.7850330154071901	0.785897906720529	[0.         0.21449488 1.        ]	[0.         0.78676471 1.        ]	[2 1 0]	0.7861349151666522	
0	100	0	5	0.001	0	5	5	200	2	32	50	128	Adam	2	0.5	0.002	128	32	5	5	0.7868672046955246	0.783744557329463	0.7923697725605282	0.7880335643925575	[0.         0.20994065 1.        ]	[0.         0.78374456 1.        ]	[2 1 0]	0.786901952255236	
0	100	0	5	0.001	0	5	5	200	2	32	50	128	Adam	2	0.5	0.002	256	32	5	5	0.7868672046955246	0.783744557329463	0.7923697725605282	0.7880335643925575	[0.         0.20994065 1.        ]	[0.         0.78374456 1.        ]	[2 1 0]	0.786901952255236	
0	100	0	5	0.001	0	5	5	200	2	32	50	128	Adam	2	0.5	0.002	512	32	5	5	0.7865003668378576	0.784	0.7909024211298606	0.7874360847333821	[0.         0.21095485 1.        ]	[0.    0.784 1.   ]	[2 1 0]	0.7865225758697262	
0	100	0	5	0.001	0	5	5	200	2	32	50	128	Adam	4	0.5	0.0003	128	32	5	5	0.7890682318415261	0.797134238310709	0.7754952311078503	0.7861658609148383	[0.         0.21857143 1.        ]	[0.         0.79713424 1.        ]	[2 1 0]	0.7892814048696402	
0	100	0	5	0.001	0	5	5	200	2	32	50	128	Adam	4	0.5	0.0003	256	32	5	5	0.7721936903888481	0.7587168758716876	0.7982391782831988	0.7779764032892384	[0.        0.2128483 1.       ]	[0.         0.75871688 1.        ]	[2 1 0]	0.7729342893290326	
0	100	0	5	0.001	0	5	5	200	2	32	50	128	Adam	4	0.5	0.0003	512	32	5	5	0.7857666911225238	0.7845142439737034	0.7879677182685253	0.7862371888726207	[0.         0.21296979 1.        ]	[0.         0.78451424 1.        ]	[2 1 0]	0.7857722288402047	
0	100	0	5	0.001	0	5	5	200	2	32	50	128	Adam	4	0.5	0.001	128	32	5	5	0.7865003668378576	0.7844136926438456	0.7901687454145268	0.787280701754386	[0.         0.21138211 1.        ]	[0.         0.78441369 1.        ]	[2 1 0]	0.7865157894113537	
0	100	0	5	0.001	0	5	5	200	2	32	50	128	Adam	4	0.5	0.001	256	32	5	5	0.5	0.0	0.0	0.0	[0.  0.5 1. ]	[nan nan nan]	[2 1 0]	nan	
0	100	0	5	0.001	0	5	5	200	2	32	50	128	Adam	4	0.5	0.001	512	32	5	5	0.5	0.0	0.0	0.0	[0.  0.5 1. ]	[nan nan nan]	[2 1 0]	nan	
0	100	0	5	0.001	0	5	5	200	2	32	50	128	Adam	4	0.5	0.002	128	32	5	5	0.7857666911225238	0.7853479853479853	0.7865003668378576	0.7859237536656892	[0.         0.21381337 1.        ]	[0.         0.78534799 1.        ]	[2 1 0]	0.7857673064138897	
0	100	0	5	0.001	0	5	5	200	2	32	50	128	Adam	4	0.5	0.002	256	32	5	5	0.5	0.0	0.0	0.0	[0.  0.5 1. ]	[nan nan nan]	[2 1 0]	nan	
0	100	0	5	0.001	0	5	5	200	2	32	50	128	Adam	4	0.5	0.002	512	32	5	5	0.5	0.0	0.0	0.0	[0.  0.5 1. ]	[nan nan nan]	[2 1 0]	nan	
0	100	0	5	0.001	0	5	5	200	2	128	50	128	Adam	2	0.5	0.0003	128	32	5	5	0.7865003668378576	0.7848285922684172	0.789435069699193	0.7871250914411119	[0.         0.21180812 1.        ]	[0.         0.78482859 1.        ]	[2 1 0]	0.7865102370936181	
0	100	0	5	0.001	0	5	5	200	2	128	50	128	Adam	2	0.5	0.0003	256	32	5	5	0.7857666911225238	0.7845142439737034	0.7879677182685253	0.7862371888726207	[0.         0.21296979 1.        ]	[0.         0.78451424 1.        ]	[2 1 0]	0.7857722288402047	
0	100	0	5	0.001	0	5	5	200	2	128	50	128	Adam	2	0.5	0.0003	512	32	5	5	0.7861335289801907	0.7846715328467153	0.7887013939838592	0.7866813025978778	[0.         0.21238938 1.        ]	[0.         0.78467153 1.        ]	[2 1 0]	0.786141076157871	
0	100	0	5	0.001	0	5	5	200	2	128	50	128	Adam	2	0.5	0.001	128	32	5	5	0.7861335289801907	0.7859237536656891	0.7865003668378576	0.7862119545287861	[0.         0.21365639 1.        ]	[0.         0.78592375 1.        ]	[2 1 0]	0.7861336830002454	
0	100	0	5	0.001	0	5	5	200	2	128	50	128	Adam	2	0.5	0.001	256	32	5	5	0.7857666911225238	0.7853479853479853	0.7865003668378576	0.7859237536656892	[0.         0.21381337 1.        ]	[0.         0.78534799 1.        ]	[2 1 0]	0.7857673064138897	
0	100	0	5	0.001	0	5	5	200	2	128	50	128	Adam	2	0.5	0.001	512	32	5	5	0.7865003668378576	0.7965072133637054	0.7696258253851798	0.7828358208955224	[0.         0.22285309 1.        ]	[0.         0.79650721 1.        ]	[2 1 0]	0.7868270630338754	
0	100	0	5	0.001	0	5	5	200	2	128	50	128	Adam	2	0.5	0.002	128	32	5	5	0.7861335289801907	0.7855051244509517	0.7872340425531915	0.786368633198974	[0.         0.21323529 1.        ]	[0.         0.78550512 1.        ]	[2 1 0]	0.7861349151666523	
0	100	0	5	0.001	0	5	5	200	2	128	50	128	Adam	2	0.5	0.002	256	32	5	5	0.7857666911225238	0.7857666911225238	0.7857666911225238	0.7857666911225238	[0.         0.21423331 1.        ]	[0.         0.78576669 1.        ]	[2 1 0]	0.7857666911225238	
0	100	0	5	0.001	0	5	5	200	2	128	50	128	Adam	2	0.5	0.002	512	32	5	5	0.7865003668378576	0.7848285922684172	0.789435069699193	0.7871250914411119	[0.         0.21180812 1.        ]	[0.         0.78482859 1.        ]	[2 1 0]	0.7865102370936181	
0	100	0	5	0.001	0	5	5	200	2	128	50	128	Adam	4	0.5	0.0003	128	32	5	5	0.7861335289801907	0.7855051244509517	0.7872340425531915	0.786368633198974	[0.         0.21323529 1.        ]	[0.         0.78550512 1.        ]	[2 1 0]	0.7861349151666523	
0	100	0	5	0.001	0	5	5	200	2	128	50	128	Adam	4	0.5	0.0003	256	32	5	5	0.7865003668378576	0.7848285922684172	0.789435069699193	0.7871250914411119	[0.         0.21180812 1.        ]	[0.         0.78482859 1.        ]	[2 1 0]	0.7865102370936181	
0	100	0	5	0.001	0	5	5	200	2	128	50	128	Adam	4	0.5	0.0003	512	32	5	5	0.7861335289801907	0.7855051244509517	0.7872340425531915	0.786368633198974	[0.         0.21323529 1.        ]	[0.         0.78550512 1.        ]	[2 1 0]	0.7861349151666523	
0	100	0	5	0.001	0	5	5	200	2	128	50	128	Adam	4	0.5	0.001	128	32	5	5	0.7861335289801907	0.7855051244509517	0.7872340425531915	0.786368633198974	[0.         0.21323529 1.        ]	[0.         0.78550512 1.        ]	[2 1 0]	0.7861349151666523	
0	100	0	5	0.001	0	5	5	200	2	128	50	128	Adam	4	0.5	0.001	256	32	5	5	0.7857666911225238	0.7853479853479853	0.7865003668378576	0.7859237536656892	[0.         0.21381337 1.        ]	[0.         0.78534799 1.        ]	[2 1 0]	0.7857673064138897	
0	100	0	5	0.001	0	5	5	200	2	128	50	128	Adam	4	0.5	0.001	512	32	5	5	0.5	0.0	0.0	0.0	[0.  0.5 1. ]	[nan nan nan]	[2 1 0]	nan	
0	100	0	5	0.001	0	5	5	200	2	128	50	128	Adam	4	0.5	0.002	128	32	5	5	0.7861335289801907	0.7830188679245284	0.7916360968451944	0.7873039036847866	[0.         0.21068249 1.        ]	[0.         0.78301887 1.        ]	[2 1 0]	0.786168187671463	
0	100	0	5	0.001	0	5	5	200	2	128	50	128	Adam	4	0.5	0.002	256	32	5	5	0.7861335289801907	0.7842565597667639	0.789435069699193	0.786837294332724	[0.         0.21196455 1.        ]	[0.         0.78425656 1.        ]	[2 1 0]	0.7861460051418753	
0	100	0	5	0.001	0	5	5	200	2	128	50	128	Adam	4	0.5	0.002	512	32	5	5	0.7865003668378576	0.7852447041636231	0.7887013939838592	0.7869692532942899	[0.         0.21223287 1.        ]	[0.        0.7852447 1.       ]	[2 1 0]	0.7865059187730422	
