min_count	voc_size	sg	negative	sample	hs	iter	window	sentence_length	class_num	batch_size	epochs_d	lstm_unit	optimizer	layer	drop_out	learning_rate	gru_unit	dense_unit	pool_size	kernel_size	accuracy	micro_precision	macro_precision	weight_precision	micro_recall	macro_recall	weight_recall	micro_f1	macro_f1	weight_f1	micro_fpr	macro_fpr	micro_tpr	macro_tpr	micro_auc	macro_auc	
0	100	0	5	0.001	0	5	5	200	9	32	50	128	Adam	2	0.5	0.0003	128	32	5	5	0.5367727771679474	0.5367727771679474	0.5024184415702723	0.5485033276777092	0.5367727771679474	0.4703490060749146	0.5367727771679474	0.5367727771679474	0.47947105220805475	0.5390302599198895	[0.        0.0579034 1.       ]	[0.         0.01001768 0.01025641 0.03082192 0.04258065 0.06
 0.07032258 0.07101727 0.10129032 0.13610938 1.        ]	[0.         0.53677278 1.        ]	[0.         0.13809533 0.13985106 0.27660845 0.34677787 0.41818846
 0.44871692 0.45019034 0.48691662 0.51377538 1.        ]	0.7394346871569704	0.7055958244879772	
0	100	0	5	0.001	0	5	5	200	9	32	50	128	Adam	2	0.5	0.0003	256	32	5	5	0.5439077936333699	0.5439077936333699	0.5011103765659852	0.551657942924348	0.5439077936333699	0.4879089028914054	0.5439077936333699	0.5439077936333699	0.4927698321267401	0.5458044810902171	[0.         0.05701153 1.        ]	[0.         0.01473188 0.02564103 0.03481735 0.04387097 0.05225806
 0.06516129 0.06525912 0.0926041  0.1283871  1.        ]	[0.         0.54390779 1.        ]	[0.         0.18447732 0.26552897 0.32622514 0.38159261 0.42013668
 0.45913089 0.45933844 0.49156507 0.52567786 1.        ]	0.7434481339187706	0.7149138461461976	
0	100	0	5	0.001	0	5	5	200	9	32	50	128	Adam	2	0.5	0.0003	512	32	5	5	0.5411635565312843	0.5411635565312843	0.48632498478826913	0.5366168913109229	0.5411635565312843	0.468538120498878	0.5411635565312843	0.5411635565312843	0.46232708940119377	0.5305015064664085	[0.         0.05735456 1.        ]	[0.         0.0017094  0.02180318 0.03139269 0.05096774 0.05419355
 0.06014075 0.06645161 0.07395898 0.16903226 1.        ]	[0.         0.54116356 1.        ]	[0.         0.01852925 0.21904709 0.27946137 0.39379009 0.40837693
 0.42629938 0.43887915 0.44717397 0.53321356 1.        ]	0.7419045005488474	0.7048440505360237	
0	100	0	5	0.001	0	5	5	200	9	32	50	128	Adam	2	0.5	0.001	128	32	5	5	0.54006586169045	0.54006586169045	0.48266548814328086	0.5365039636698734	0.54006586169045	0.4606497289116464	0.54006586169045	0.54006586169045	0.4613253458973672	0.5327939416003252	[0.         0.05749177 1.        ]	[0.         0.0045584  0.01084475 0.01355333 0.0483871  0.05182342
 0.05612903 0.09354839 0.12580645 0.12740833 1.        ]	[0.         0.54006586 1.        ]	[0.         0.05558358 0.13064125 0.16128144 0.36471467 0.38000188
 0.39428545 0.46396717 0.50033087 0.50159054 1.        ]	0.741287047200878	0.7007660202766859	
0	100	0	5	0.001	0	5	5	200	9	32	50	128	Adam	2	0.5	0.001	256	32	5	5	0.5411635565312843	0.5411635565312843	0.49831518365388344	0.549084251319024	0.5411635565312843	0.48808436909677805	0.5411635565312843	0.5411635565312843	0.49108082270735387	0.5435492234059504	[0.         0.05735456 1.        ]	[0.         0.01880342 0.02357101 0.03025114 0.04193548 0.05502239
 0.06580645 0.06709677 0.09290323 0.12989434 1.        ]	[0.         0.54116356 1.        ]	[0.         0.20766499 0.25614423 0.30161164 0.37362732 0.4290602
 0.4630161  0.46592061 0.49744347 0.52618046 1.        ]	0.7419045005488474	0.7148597267346163	
0	100	0	5	0.001	0	5	5	200	9	32	50	128	Adam	2	0.5	0.001	512	32	5	5	0.5279912184412733	0.5279912184412733	0.49523399168419985	0.5449398913053156	0.5279912184412733	0.4509301118528696	0.5279912184412733	0.5279912184412733	0.4562207632072561	0.5215194257069579	[0.        0.0590011 1.       ]	[0.         0.00569801 0.0070713  0.02516129 0.02796804 0.05548387
 0.06277191 0.06397953 0.07483871 0.22387097 1.        ]	[0.         0.52799122 1.        ]	[0.         0.09765545 0.12054124 0.25226961 0.265502   0.38069831
 0.40047817 0.4035669  0.42142859 0.54993329 1.        ]	0.7344950603732162	0.6950848549372991	
0	100	0	5	0.001	0	5	5	200	9	32	50	128	Adam	2	0.5	0.002	128	32	5	5	0.5340285400658616	0.5340285400658616	0.48243459071044126	0.5416942070187382	0.5340285400658616	0.46662283979207647	0.5340285400658616	0.5340285400658616	0.46624808302681486	0.5314159586632832	[0.         0.05824643 1.        ]	[0.         0.00683761 0.01826753 0.03741935 0.043379   0.04478567
 0.06451613 0.07290323 0.08949658 0.15806452 1.        ]	[0.         0.53402854 1.        ]	[0.         0.07627524 0.19947513 0.32833703 0.35776911 0.36407235
 0.42727633 0.44321843 0.461604   0.52355914 1.        ]	0.7378910537870471	0.7035519971555588	
0	100	0	5	0.001	0	5	5	200	9	32	50	128	Adam	2	0.5	0.002	256	32	5	5	0.5384193194291986	0.5384193194291986	0.5001532980100809	0.5504753099238269	0.5384193194291986	0.4866670506047832	0.5384193194291986	0.5384193194291986	0.4878656753084635	0.5396967854775802	[0.         0.05769759 1.        ]	[0.         0.01766382 0.02226027 0.02946376 0.03966731 0.05741935
 0.05870968 0.06645161 0.08709677 0.14978247 1.        ]	[0.         0.53841932 1.        ]	[0.         0.1868637  0.23161603 0.29574017 0.35792403 0.44117601
 0.44540236 0.46171672 0.4871511  0.53625997 1.        ]	0.7403608671789242	0.7139715780460032	
0	100	0	5	0.001	0	5	5	200	9	32	50	128	Adam	2	0.5	0.002	512	32	5	5	0.14928649835345773	0.14928649835345773	0.016587388705939746	0.022286458590636937	0.14928649835345773	0.1111111111111111	0.14928649835345773	0.14928649835345773	0.028865541759524566	0.03878312087119437	[0.         0.10633919 1.        ]	[0. 1.]	[0.        0.1492865 1.       ]	[0. 1.]	0.52147365532382	0.5	
0	100	0	5	0.001	0	5	5	200	9	32	50	128	Adam	4	0.5	0.0003	128	32	5	5	0.5301866081229418	0.5301866081229418	0.49574805705979824	0.5493467369640718	0.5301866081229418	0.4573124766433822	0.5301866081229418	0.5301866081229418	0.4677552129501362	0.5330214766791702	[0.         0.05872667 1.        ]	[0.         0.00589275 0.01709402 0.0239726  0.04734485 0.0516129
 0.05419355 0.08580645 0.09225806 0.16159105 1.        ]	[0.         0.53018661 1.        ]	[0.         0.10039885 0.17691728 0.22264726 0.36324941 0.38365828
 0.39257488 0.45361677 0.46128134 0.51662617 1.        ]	0.7357299670691547	0.6986692250172043	
0	100	0	5	0.001	0	5	5	200	9	32	50	128	Adam	4	0.5	0.0003	256	32	5	5	0.526344676180022	0.526344676180022	0.49029049052597923	0.5330768274837518	0.526344676180022	0.4525428813290479	0.526344676180022	0.526344676180022	0.4596776791676369	0.522146890675483	[0.         0.05920692 1.        ]	[0.         0.0070713  0.00911681 0.01769406 0.04967742 0.05935484
 0.07229687 0.08258065 0.09483871 0.1535115  1.        ]	[0.         0.52634468 1.        ]	[0.         0.10753269 0.12125822 0.17505042 0.35004306 0.38997166
 0.4251082  0.44399811 0.46218282 0.5081241  1.        ]	0.7335688803512624	0.6959302100493527	
0	100	0	5	0.001	0	5	5	200	9	32	50	128	Adam	4	0.5	0.0003	512	32	5	5	0.539517014270033	0.539517014270033	0.4865503719652266	0.5478968144694198	0.539517014270033	0.461129728264168	0.539517014270033	0.539517014270033	0.4644560377601391	0.534507781006137	[0.         0.05756037 1.        ]	[0.         0.01025641 0.01355333 0.02054795 0.03225806 0.04387097
 0.05886116 0.07483871 0.07520199 0.20322581 1.        ]	[0.         0.53951701 1.        ]	[0.         0.13325294 0.17537995 0.22601431 0.30564786 0.36103207
 0.40477669 0.43510019 0.43549035 0.54611732 1.        ]	0.7409783205268935	0.7009751759935212	
0	100	0	5	0.001	0	5	5	200	9	32	50	128	Adam	4	0.5	0.001	128	32	5	5	0.5373216245883644	0.5373216245883644	0.49409218387650294	0.541087143093822	0.5373216245883644	0.4784867587038073	0.5373216245883644	0.5373216245883644	0.48476539123296214	0.5382386756884726	[0.        0.0578348 1.       ]	[0.         0.01001768 0.02621083 0.03253425 0.04774194 0.07032258
 0.07037748 0.07225806 0.09677419 0.10441268 1.        ]	[0.         0.53732162 1.        ]	[0.         0.13912813 0.24972902 0.28912074 0.37486676 0.46342823
 0.46358904 0.46746063 0.49741402 0.50325973 1.        ]	0.7397434138309551	0.709762841400541	
0	100	0	5	0.001	0	5	5	200	9	32	50	128	Adam	4	0.5	0.001	256	32	5	5	0.5362239297475302	0.5362239297475302	0.4706769256683734	0.5342453431923625	0.5362239297475302	0.4551993653613372	0.5362239297475302	0.5362239297475302	0.45621703738188646	0.5308856128022497	[0.         0.05797201 1.        ]	[0.         0.0034188  0.0097032  0.01237478 0.04258065 0.05032258
 0.0671785  0.07225806 0.13113735 0.14774194 1.        ]	[0.         0.53622393 1.        ]	[0.         0.04250122 0.12132698 0.1533714  0.33673307 0.3691907
 0.4173368  0.42713032 0.49280827 0.50782807 1.        ]	0.7391259604829857	0.6977821349103376	
0	100	0	5	0.001	0	5	5	200	9	32	50	128	Adam	4	0.5	0.001	512	32	5	5	0.4818880351262349	0.4818880351262349	0.40711184692593133	0.48339636458980856	0.4818880351262349	0.4231658682590746	0.4818880351262349	0.4818880351262349	0.3866879526011804	0.44997653311797786	[0.       0.064764 1.      ]	[0.         0.00435053 0.02111324 0.03354839 0.05185622 0.06193548
 0.0673516  0.13677419 0.21806452 1.        ]	[0.         0.48188804 1.        ]	[0.         0.03375386 0.16366043 0.23253156 0.31250555 0.34131592
 0.35096505 0.45484796 0.5253583  1.        ]	0.7085620197585071	0.6785277025899608	
0	100	0	5	0.001	0	5	5	200	9	32	50	128	Adam	4	0.5	0.002	128	32	5	5	0.5384193194291986	0.5384193194291986	0.497570202893273	0.5484494782515666	0.5384193194291986	0.45722542083917894	0.5384193194291986	0.5384193194291986	0.4650702168334745	0.5348781356352451	[0.         0.05769759 1.        ]	[0.         0.00742009 0.00883913 0.02564103 0.04129032 0.04478567
 0.05290323 0.08949658 0.09677419 0.16645161 1.        ]	[0.         0.53841932 1.        ]	[0.         0.10882222 0.12856919 0.23981947 0.33898995 0.35433129
 0.37950764 0.44687401 0.45855084 0.52128226 1.        ]	0.7403608671789242	0.6989681631978958	
0	100	0	5	0.001	0	5	5	200	9	32	50	128	Adam	4	0.5	0.002	256	32	5	5	0.3770581778265642	0.3770581778265642	0.3841320152488195	0.46742550440589603	0.3770581778265642	0.3771829439807899	0.3770581778265642	0.3770581778265642	0.33045834620355496	0.3784167858974964	[0.         0.07786773 1.        ]	[0.         0.00967742 0.01727447 0.02322581 0.04709677 0.09136109
 0.11358447 0.18774194 0.20447849 1.        ]	[0.         0.37705818 1.        ]	[0.         0.11127916 0.15415472 0.1714205  0.239521   0.32261361
 0.3595077  0.45216557 0.47012143 1.        ]	0.6495952250274424	0.6500114459992148	
0	100	0	5	0.001	0	5	5	200	9	32	50	128	Adam	4	0.5	0.002	512	32	5	5	0.4846322722283205	0.4846322722283205	0.3936272378453401	0.4652350369446487	0.4846322722283205	0.4009927479260536	0.4846322722283205	0.4846322722283205	0.38696288962544645	0.4616367222292723	[0.         0.06442097 1.        ]	[0.         0.02298173 0.04645161 0.04903226 0.05966439 0.06397953
 0.16709677 0.1916129  1.        ]	[0.         0.48463227 1.        ]	[0.         0.1731435  0.28666612 0.29664089 0.32174686 0.33132281
 0.46380877 0.48843177 1.        ]	0.7101056531284303	0.6671175297837942	
0	100	0	5	0.001	0	5	5	200	9	128	50	128	Adam	2	0.5	0.0003	128	32	5	5	0.54006586169045	0.54006586169045	0.5041814290458382	0.5464808500513806	0.54006586169045	0.4775770234809793	0.54006586169045	0.54006586169045	0.4853561565656555	0.5395191316657559	[0.         0.05749177 1.        ]	[0.         0.01060695 0.01538462 0.02226027 0.05950096 0.06
 0.06387097 0.07741935 0.07806452 0.14170292 1.        ]	[0.         0.54006586 1.        ]	[0.         0.1466595  0.18047705 0.22389876 0.43072467 0.43298515
 0.4452293  0.47330825 0.4741253  0.52410022 1.        ]	0.741287047200878	0.7094101471695985	
0	100	0	5	0.001	0	5	5	200	9	128	50	128	Adam	2	0.5	0.0003	256	32	5	5	0.5389681668496158	0.5389681668496158	0.48428537635354896	0.5388401161997738	0.5389681668496158	0.46605871903916896	0.5389681668496158	0.5389681668496158	0.47024244415633176	0.535281140339843	[0.         0.05762898 1.        ]	[0.         0.01196581 0.01296405 0.0239726  0.04580645 0.0543826
 0.06387097 0.07483871 0.10565569 0.13806452 1.        ]	[0.         0.53896817 1.        ]	[0.         0.14776101 0.15978009 0.23009297 0.3572219  0.3946099
 0.4252957  0.44655673 0.48145141 0.51197689 1.        ]	0.7406695938529089	0.7035003929412018	
